3.33450000e+02
3.33715000e+02
3.33980000e+02
3.34245000e+02
3.34510000e+02
3.34775000e+02
3.35040000e+02
3.35305000e+02
3.35570000e+02
3.35835000e+02
3.36100000e+02
3.36365000e+02
3.36630000e+02
3.36895000e+02
3.37160000e+02
3.37425000e+02
3.37690000e+02
3.37955000e+02
3.38220000e+02
3.38485000e+02
3.38750000e+02
3.39015000e+02
3.39280000e+02
3.39545000e+02
3.39810000e+02
3.40075000e+02
3.40340000e+02
3.40605000e+02
3.40870000e+02
3.41135000e+02
3.41400000e+02
3.41665000e+02
3.41930000e+02
3.42195000e+02
3.42460000e+02
3.42725000e+02
3.42990000e+02
3.43255000e+02
3.43520000e+02
3.43785000e+02
3.44050000e+02
3.44315000e+02
3.44580000e+02
3.44845000e+02
3.45110000e+02
3.45375000e+02
3.45640000e+02
3.45905000e+02
3.46170000e+02
3.46435000e+02
3.46700000e+02
3.46965000e+02
3.47230000e+02
3.47495000e+02
3.47760000e+02
3.48025000e+02
3.48290000e+02
3.48555000e+02
3.48820000e+02
3.49085000e+02
3.49350000e+02
3.49615000e+02
3.49880000e+02
3.50145000e+02
3.50410000e+02
3.50675000e+02
3.50940000e+02
3.51205000e+02
3.51470000e+02
3.51735000e+02
3.52000000e+02
3.52265000e+02
3.52530000e+02
3.52795000e+02
3.53060000e+02
3.53325000e+02
3.53590000e+02
3.53855000e+02
3.54120000e+02
3.54385000e+02
3.54650000e+02
3.54915000e+02
3.55180000e+02
3.55445000e+02
3.55710000e+02
3.55975000e+02
3.56240000e+02
3.56505000e+02
3.56770000e+02
3.57035000e+02
3.57300000e+02
3.57565000e+02
3.57830000e+02
3.58095000e+02
3.58360000e+02
3.58625000e+02
3.58890000e+02
3.59155000e+02
3.59420000e+02
3.59685000e+02
3.59950000e+02
3.60215000e+02
3.60480000e+02
3.60745000e+02
3.61010000e+02
3.61275000e+02
3.61540000e+02
3.61805000e+02
3.62070000e+02
3.62335000e+02
3.62600000e+02
3.62865000e+02
3.63130000e+02
3.63395000e+02
3.63660000e+02
3.63925000e+02
3.64190000e+02
3.64455000e+02
3.64720000e+02
3.64985000e+02
3.65250000e+02
3.65515000e+02
3.65780000e+02
3.66045000e+02
3.66310000e+02
3.66575000e+02
3.66840000e+02
3.67105000e+02
3.67370000e+02
3.67635000e+02
3.67900000e+02
3.68165000e+02
3.68430000e+02
3.68695000e+02
3.68960000e+02
3.69225000e+02
3.69490000e+02
3.69755000e+02
3.70020000e+02
3.70285000e+02
3.70550000e+02
3.70815000e+02
3.71080000e+02
3.71345000e+02
3.71610000e+02
3.71875000e+02
3.72140000e+02
3.72405000e+02
3.72670000e+02
3.72935000e+02
3.73200000e+02
3.73465000e+02
3.73730000e+02
3.73995000e+02
3.74260000e+02
3.74525000e+02
3.74790000e+02
3.75055000e+02
3.75320000e+02
3.75585000e+02
3.75850000e+02
3.76115000e+02
3.76380000e+02
3.76645000e+02
3.76910000e+02
3.77175000e+02
3.77440000e+02
3.77705000e+02
3.77970000e+02
3.78235000e+02
3.78500000e+02
3.78765000e+02
3.79030000e+02
3.79295000e+02
3.79560000e+02
3.79825000e+02
3.80090000e+02
3.80355000e+02
3.80620000e+02
3.80885000e+02
3.81150000e+02
3.81415000e+02
3.81680000e+02
3.81945000e+02
3.82210000e+02
3.82475000e+02
3.82740000e+02
3.83005000e+02
3.83270000e+02
3.83535000e+02
3.83800000e+02
3.84065000e+02
3.84330000e+02
3.84595000e+02
3.84860000e+02
3.85125000e+02
3.85390000e+02
3.85655000e+02
3.85920000e+02
3.86185000e+02
3.86450000e+02
3.86715000e+02
3.86980000e+02
3.87245000e+02
3.87510000e+02
3.87775000e+02
3.88040000e+02
3.88305000e+02
3.88570000e+02
3.88835000e+02
3.89100000e+02
3.89365000e+02
3.89630000e+02
3.89895000e+02
3.90160000e+02
3.90425000e+02
3.90690000e+02
3.90955000e+02
3.91220000e+02
3.91485000e+02
3.91750000e+02
3.92015000e+02
3.92280000e+02
3.92545000e+02
3.92810000e+02
3.93075000e+02
3.93340000e+02
3.93605000e+02
3.93870000e+02
3.94135000e+02
3.94400000e+02
3.94665000e+02
3.94930000e+02
3.95195000e+02
3.95460000e+02
3.95725000e+02
3.95990000e+02
3.96255000e+02
3.96520000e+02
3.96785000e+02
3.97050000e+02
3.97315000e+02
3.97580000e+02
3.97845000e+02
3.98110000e+02
3.98375000e+02
3.98640000e+02
3.98905000e+02
3.99170000e+02
3.99435000e+02
3.99700000e+02
3.99965000e+02
4.00230000e+02
4.00495000e+02
4.00760000e+02
4.01025000e+02
4.01290000e+02
4.01555000e+02
4.01820000e+02
4.02085000e+02
4.02350000e+02
4.02615000e+02
4.02880000e+02
4.03145000e+02
4.03410000e+02
4.03675000e+02
4.03940000e+02
4.04205000e+02
4.04470000e+02
4.04735000e+02
4.05000000e+02
4.05265000e+02
4.05530000e+02
4.05795000e+02
4.06060000e+02
4.06325000e+02
4.06590000e+02
4.06855000e+02
4.07120000e+02
4.07385000e+02
4.07650000e+02
4.07915000e+02
4.08180000e+02
4.08445000e+02
4.08710000e+02
4.08975000e+02
4.09240000e+02
4.09505000e+02
4.09770000e+02
4.10035000e+02
4.10300000e+02
4.10565000e+02
4.10830000e+02
4.11095000e+02
4.11360000e+02
4.11625000e+02
4.11890000e+02
4.12155000e+02
4.12420000e+02
4.12685000e+02
4.12950000e+02
4.13215000e+02
4.13480000e+02
4.13745000e+02
4.14010000e+02
4.14275000e+02
4.14540000e+02
4.14805000e+02
4.15070000e+02
4.15335000e+02
4.15600000e+02
4.15865000e+02
4.16130000e+02
4.16395000e+02
4.16660000e+02
4.16925000e+02
4.17190000e+02
4.17455000e+02
4.17720000e+02
4.17985000e+02
4.18250000e+02
4.18515000e+02
4.18780000e+02
4.19045000e+02
4.19310000e+02
4.19575000e+02
4.19840000e+02
4.20105000e+02
4.20370000e+02
4.20635000e+02
4.20900000e+02
4.21165000e+02
4.21430000e+02
4.21695000e+02
4.21960000e+02
4.22225000e+02
4.22490000e+02
4.22755000e+02
4.23020000e+02
4.23285000e+02
4.23550000e+02
4.23815000e+02
4.24080000e+02
4.24345000e+02
4.24610000e+02
4.24875000e+02
4.25140000e+02
4.25405000e+02
4.25670000e+02
4.25935000e+02
4.26200000e+02
4.26465000e+02
4.26730000e+02
4.26995000e+02
4.27260000e+02
4.27525000e+02
4.27790000e+02
4.28055000e+02
4.28320000e+02
4.28585000e+02
4.28850000e+02
4.29115000e+02
4.29380000e+02
4.29645000e+02
4.29910000e+02
4.30175000e+02
4.30440000e+02
4.30705000e+02
4.30970000e+02
4.31235000e+02
4.31500000e+02
4.31765000e+02
4.32030000e+02
4.32295000e+02
4.32560000e+02
4.32825000e+02
4.33090000e+02
4.33355000e+02
4.33620000e+02
4.33885000e+02
4.34150000e+02
4.34415000e+02
4.34680000e+02
4.34945000e+02
4.35210000e+02
4.35475000e+02
4.35740000e+02
4.36005000e+02
4.36270000e+02
4.36535000e+02
4.36800000e+02
4.37065000e+02
4.37330000e+02
4.37595000e+02
4.37860000e+02
4.38125000e+02
4.38390000e+02
4.38655000e+02
4.38920000e+02
4.39185000e+02
4.39450000e+02
4.39715000e+02
4.39980000e+02
4.40245000e+02
4.40510000e+02
4.40775000e+02
4.41040000e+02
4.41305000e+02
4.41570000e+02
4.41835000e+02
4.42100000e+02
4.42365000e+02
4.42630000e+02
4.42895000e+02
4.43160000e+02
4.43425000e+02
4.43690000e+02
4.43955000e+02
4.44220000e+02
4.44485000e+02
4.44750000e+02
4.45015000e+02
4.45280000e+02
4.45545000e+02
4.45810000e+02
4.46075000e+02
4.46340000e+02
4.46605000e+02
4.46870000e+02
4.47135000e+02
4.47400000e+02
4.47665000e+02
4.47930000e+02
4.48195000e+02
4.48460000e+02
4.48725000e+02
4.48990000e+02
4.49255000e+02
4.49520000e+02
4.49785000e+02
4.50050000e+02
4.50315000e+02
4.50580000e+02
4.50845000e+02
4.51110000e+02
4.51375000e+02
4.51640000e+02
4.51905000e+02
4.52170000e+02
4.52435000e+02
4.52700000e+02
4.52965000e+02
4.53230000e+02
4.53495000e+02
4.53760000e+02
4.54025000e+02
4.54290000e+02
4.54555000e+02
4.54820000e+02
4.55085000e+02
4.55350000e+02
4.55615000e+02
4.55880000e+02
4.56145000e+02
4.56410000e+02
4.56675000e+02
4.56940000e+02
4.57205000e+02
4.57470000e+02
4.57735000e+02
4.58000000e+02
4.58265000e+02
4.58530000e+02
4.58795000e+02
4.59060000e+02
4.59325000e+02
4.59590000e+02
4.59855000e+02
4.60120000e+02
4.60385000e+02
4.60650000e+02
4.60915000e+02
4.61180000e+02
4.61445000e+02
4.61710000e+02
4.61975000e+02
4.62240000e+02
4.62505000e+02
4.62770000e+02
4.63035000e+02
4.63300000e+02
4.63565000e+02
4.63830000e+02
4.64095000e+02
4.64360000e+02
4.64625000e+02
4.64890000e+02
4.65155000e+02
4.65420000e+02
4.65685000e+02
