4.47018600e+03
-6.27814000e+02
-7.75881400e+03
-2.83798140e+04
-4.59828140e+04
-9.48681400e+03
1.25401860e+04
3.80651860e+04
-1.89108140e+04
-2.20448140e+04
-1.94218140e+04
-1.32288140e+04
-2.42878140e+04
2.32118600e+03
-4.87781400e+03
-2.28088140e+04
1.77201860e+04
3.26251860e+04
1.14201860e+04
-7.32381400e+03
1.29421860e+04
7.16018600e+03
-8.02281400e+03
-3.84618140e+04
-4.17848140e+04
-4.94368140e+04
5.00518600e+03
1.76691860e+04
-3.50581400e+03
-4.09198140e+04
-1.56338140e+04
1.23761860e+04
-2.87628140e+04
-4.67481400e+03
1.08351860e+04
-4.41681400e+03
-1.20618140e+04
-1.68648140e+04
-2.48198140e+04
-2.19018140e+04
1.79591860e+04
2.90271860e+04
-5.08381400e+03
-1.37148140e+04
2.28218600e+03
1.08211860e+04
2.52391860e+04
1.42931860e+04
1.44861860e+04
8.54318600e+03
2.98018600e+03
3.62418600e+03
1.23431860e+04
3.74601860e+04
2.21901860e+04
1.39811860e+04
1.28701860e+04
3.38918600e+03
-1.99598140e+04
-2.04678140e+04
-3.98468140e+04
-4.10878140e+04
-1.41348140e+04
-5.83581400e+03
-8.19281400e+03
-1.09848140e+04
2.37101860e+04
3.57841860e+04
2.42161860e+04
-6.08140000e+01
-9.17381400e+03
-9.24814000e+02
-1.94188140e+04
-1.36708140e+04
-1.34798140e+04
1.39391860e+04
9.65918600e+03
-2.14698140e+04
-2.23128140e+04
2.25121860e+04
2.09631860e+04
-2.04678140e+04
-1.71508140e+04
1.98561860e+04
5.50918600e+03
-5.85814000e+02
-3.06381400e+03
2.87618600e+03
1.83221860e+04
7.43218600e+03
-1.32548140e+04
8.83186000e+02
9.49918600e+03
-2.44098140e+04
1.52718600e+03
-5.29781400e+03
-2.88758140e+04
-1.96081400e+03
-3.23981400e+03
-3.18658140e+04
-2.01881400e+03
-2.63581400e+03
5.20918600e+03
8.83618600e+03
3.58518600e+03
4.05318600e+03
-1.34518140e+04
-7.50481400e+03
1.44151860e+04
2.48831860e+04
3.68291860e+04
1.60971860e+04
-1.41981400e+03
-6.62081400e+03
2.21251860e+04
-1.14468140e+04
-2.96508140e+04
-4.33681400e+03
2.57641860e+04
1.37061860e+04
-4.44814000e+02
1.83781860e+04
-2.92814000e+02
1.44351860e+04
2.76871860e+04
1.59201860e+04
-2.00118140e+04
-2.27268140e+04
-5.51281400e+03
-1.99281400e+03
2.78631860e+04
2.37711860e+04
-1.95338140e+04
-1.49028140e+04
-9.34281400e+03
-8.51481400e+03
-1.90208140e+04
-2.32948140e+04
1.28651860e+04
1.15601860e+04
5.06218600e+03
5.44118600e+03
-7.44781400e+03
-2.33881400e+03
8.88018600e+03
-1.89298140e+04
-2.06348140e+04
1.61431860e+04
1.50251860e+04
2.11811860e+04
2.31901860e+04
1.49681860e+04
3.12018600e+03
5.22218600e+03
1.74841860e+04
-1.59628140e+04
-2.99498140e+04
-1.86228140e+04
-2.99981400e+03
1.85018600e+03
-8.18481400e+03
-3.40458140e+04
-1.37908140e+04
-1.89028140e+04
2.68661860e+04
5.18241860e+04
3.57551860e+04
3.43071860e+04
3.54591860e+04
1.02221860e+04
3.23318600e+03
7.83618600e+03
3.68018600e+03
2.33841860e+04
4.28301860e+04
3.79431860e+04
2.75451860e+04
4.22261860e+04
5.54151860e+04
4.23831860e+04
3.33181860e+04
3.86921860e+04
4.75281860e+04
4.48971860e+04
4.54251860e+04
5.17411860e+04
3.60201860e+04
9.33431860e+04
1.52595186e+05
1.73039186e+05
1.47774186e+05
7.67121860e+04
-4.65881400e+03
1.85201860e+04
1.11251186e+05
2.03342186e+05
3.29125186e+05
4.73115186e+05
7.03183186e+05
1.21315119e+06
2.23503719e+06
3.66444619e+06
3.72949719e+06
4.61560186e+05
-2.99237081e+06
-3.53595381e+06
-2.46532481e+06
-1.44195081e+06
-8.51511814e+05
-5.64120814e+05
-4.13082814e+05
-2.85933814e+05
-1.72833814e+05
-4.19938140e+04
-2.58128140e+04
-8.03828140e+04
-1.26861814e+05
-1.66437814e+05
-1.24495814e+05
-9.75808140e+04
-7.16298140e+04
-4.78778140e+04
-4.52898140e+04
-4.22288140e+04
-4.41628140e+04
-3.05898140e+04
-1.66008140e+04
-2.23348140e+04
3.44118600e+03
1.79518600e+03
-1.94898140e+04
-9.54081400e+03
6.34118600e+03
4.62518600e+03
-1.25108140e+04
-6.86081400e+03
-4.62818140e+04
-3.24188140e+04
8.31918600e+03
2.48561860e+04
2.72571860e+04
2.91491860e+04
2.55921860e+04
1.44281860e+04
6.97818600e+03
1.59641860e+04
2.62781860e+04
3.96981860e+04
4.32861860e+04
5.03741860e+04
4.98601860e+04
9.69191860e+04
1.51991186e+05
1.95132186e+05
1.15643186e+05
1.84991860e+04
-9.92081400e+03
7.39411860e+04
1.60665186e+05
2.66591186e+05
4.11688186e+05
5.99993186e+05
9.76713186e+05
1.78429119e+06
3.38884619e+06
4.80973919e+06
2.75241719e+06
-2.28932881e+06
-4.56309681e+06
-3.54690181e+06
-2.00492081e+06
-1.08547481e+06
-6.62520814e+05
-4.32201814e+05
-2.58745814e+05
-1.47741814e+05
-3.96628140e+04
2.49671860e+04
-5.48888140e+04
-1.68948814e+05
-1.93718814e+05
-1.45910814e+05
-9.08618140e+04
-5.02688140e+04
-5.53238140e+04
-5.31768140e+04
-5.60148140e+04
-6.72668140e+04
-7.00938140e+04
-5.07468140e+04
-2.56318140e+04
-2.88228140e+04
-4.08498140e+04
-1.43618140e+04
-6.30281400e+03
8.20118600e+03
1.29781860e+04
-7.32281400e+03
-1.94408140e+04
-8.95581400e+03
1.13091860e+04
8.48318600e+03
-1.36388140e+04
-1.43178140e+04
-2.97581400e+03
1.34818600e+03
2.63721860e+04
4.67701860e+04
5.77051860e+04
1.57291860e+04
2.46711860e+04
5.95501860e+04
4.51381860e+04
3.70131860e+04
3.42161860e+04
7.21561860e+04
8.75451860e+04
8.83141860e+04
1.54616186e+05
1.68801186e+05
9.62251860e+04
-1.87028140e+04
5.13281860e+04
1.33035186e+05
2.42951186e+05
3.53951186e+05
5.09328186e+05
7.73127186e+05
1.23670019e+06
2.15152719e+06
3.29375119e+06
3.08438019e+06
5.99618600e+03
-3.08630181e+06
-3.32417181e+06
-2.22648281e+06
-1.31929081e+06
-7.86927814e+05
-4.78221814e+05
-3.13353814e+05
-2.56207814e+05
-9.05288140e+04
1.70771860e+04
-3.05178140e+04
-9.53848140e+04
-1.32986814e+05
-1.32140814e+05
-9.95348140e+04
-6.70178140e+04
-7.04668140e+04
-4.28788140e+04
-4.44068140e+04
-3.33278140e+04
-2.70381400e+03
-2.96338140e+04
-3.20258140e+04
-2.09338140e+04
-2.23958140e+04
-4.72081400e+03
1.62471860e+04
1.11111860e+04
3.09881860e+04
1.81821860e+04
-2.04381400e+03
-1.66658140e+04
-1.79238140e+04
4.39718600e+03
2.71111860e+04
2.23201860e+04
2.96718600e+03
-9.36781400e+03
-1.08508140e+04
-4.33508140e+04
-3.11718140e+04
-4.98681400e+03
-9.03981400e+03
-8.68081400e+03
-2.02018140e+04
-2.78158140e+04
-7.14381400e+03
1.29251860e+04
1.53161860e+04
-7.50181400e+03
-1.65138140e+04
-1.68148140e+04
2.54918600e+03
-1.33068140e+04
-2.06228140e+04
-1.98038140e+04
-2.07848140e+04
-4.75481400e+03
-7.16281400e+03
-6.00488140e+04
-4.17068140e+04
6.90018600e+03
-7.89581400e+03
-2.02928140e+04
-1.19078140e+04
-4.77981400e+03
1.15731860e+04
-1.75038140e+04
-5.51381400e+03
1.56191860e+04
-1.37188140e+04
-2.02768140e+04
-8.48814000e+02
1.88231860e+04
4.50018600e+03
-1.80728140e+04
-4.84881400e+03
-5.04981400e+03
1.34518600e+03
2.65318600e+03
-2.81181400e+03
1.72561860e+04
3.39031860e+04
2.90261860e+04
6.10218600e+03
-1.36108140e+04
5.37418600e+03
-8.30281400e+03
-2.48368140e+04
7.54118600e+03
-2.11868140e+04
-2.66168140e+04
2.32281860e+04
2.60571860e+04
3.33011860e+04
-5.60481400e+03
2.05361860e+04
1.86501860e+04
3.20186000e+02
9.51118600e+03
1.13511860e+04
6.87618600e+03
-8.99081400e+03
-7.80981400e+03
5.99018600e+03
-5.14081400e+03
-7.39481400e+03
2.69081860e+04
2.06701860e+04
-1.65988140e+04
-7.59081400e+03
-3.05588140e+04
-2.91228140e+04
1.46451860e+04
2.86511860e+04
1.45351860e+04
7.23186000e+02
-1.45288140e+04
7.85818600e+03
1.76918600e+03
3.55918600e+03
-1.95781400e+03
-2.27178140e+04
-1.68418140e+04
-1.49268140e+04
-5.00781400e+03
-2.87808140e+04
-3.85418140e+04
-1.53378140e+04
-1.94368140e+04
-1.42908140e+04
8.31318600e+03
1.47521860e+04
-1.13508140e+04
-1.99038140e+04
-8.55081400e+03
1.44351860e+04
9.93318600e+03
1.23718600e+03
-5.46481400e+03
3.51186000e+02
-1.11098140e+04
6.57518600e+03
6.14318600e+03
1.60871860e+04
1.72361860e+04
1.97181860e+04
9.85418600e+03
2.44981860e+04
-3.84781400e+03
-2.27681400e+03
-2.15468140e+04
-4.65988140e+04
-3.95508140e+04
-1.22248140e+04
8.30618600e+03
1.97771860e+04
1.23961860e+04
1.41941860e+04
6.15318600e+03
9.13818600e+03
1.09921860e+04
1.01118600e+03
-2.56638140e+04
-7.74028140e+04
-8.96958140e+04
5.68818600e+03
