3.06830000e+03
3.06865990e+03
3.06901980e+03
3.06937970e+03
3.06973960e+03
3.07009950e+03
3.07045940e+03
3.07081930e+03
3.07117920e+03
3.07153910e+03
3.07189900e+03
3.07225890e+03
3.07261880e+03
3.07297870e+03
3.07333860e+03
3.07369850e+03
3.07405840e+03
3.07441830e+03
3.07477820e+03
3.07513810e+03
3.07549800e+03
3.07585790e+03
3.07621780e+03
3.07657770e+03
3.07693760e+03
3.07729750e+03
3.07765740e+03
3.07801730e+03
3.07837720e+03
3.07873710e+03
3.07909700e+03
3.07945690e+03
3.07981680e+03
3.08017670e+03
3.08053660e+03
3.08089650e+03
3.08125640e+03
3.08161630e+03
3.08197620e+03
3.08233610e+03
3.08269600e+03
3.08305590e+03
3.08341580e+03
3.08377570e+03
3.08413560e+03
3.08449550e+03
3.08485540e+03
3.08521530e+03
3.08557520e+03
3.08593510e+03
3.08629500e+03
3.08665490e+03
3.08701480e+03
3.08737470e+03
3.08773460e+03
3.08809450e+03
3.08845440e+03
3.08881430e+03
3.08917420e+03
3.08953410e+03
3.08989400e+03
3.09025390e+03
3.09061380e+03
3.09097370e+03
3.09133360e+03
3.09169350e+03
3.09205340e+03
3.09241330e+03
3.09277320e+03
3.09313310e+03
3.09349300e+03
3.09385290e+03
3.09421280e+03
3.09457270e+03
3.09493260e+03
3.09529250e+03
3.09565240e+03
3.09601230e+03
3.09637220e+03
3.09673210e+03
3.09709200e+03
3.09745190e+03
3.09781180e+03
3.09817170e+03
3.09853160e+03
3.09889150e+03
3.09925140e+03
3.09961130e+03
3.09997120e+03
3.10033110e+03
3.10069100e+03
3.10105090e+03
3.10141080e+03
3.10177070e+03
3.10213060e+03
3.10249050e+03
3.10285040e+03
3.10321030e+03
3.10357020e+03
3.10393010e+03
3.10429000e+03
3.10464990e+03
3.10500980e+03
3.10536970e+03
3.10572960e+03
3.10608950e+03
3.10644940e+03
3.10680930e+03
3.10716920e+03
3.10752910e+03
3.10788900e+03
3.10824890e+03
3.10860880e+03
3.10896870e+03
3.10932860e+03
3.10968850e+03
3.11004840e+03
3.11040830e+03
3.11076820e+03
3.11112810e+03
3.11148800e+03
3.11184790e+03
3.11220780e+03
3.11256770e+03
3.11292760e+03
3.11328750e+03
3.11364740e+03
3.11400730e+03
3.11436720e+03
3.11472710e+03
3.11508700e+03
3.11544690e+03
3.11580680e+03
3.11616670e+03
3.11652660e+03
3.11688650e+03
3.11724640e+03
3.11760630e+03
3.11796620e+03
3.11832610e+03
3.11868600e+03
3.11904590e+03
3.11940580e+03
3.11976570e+03
3.12012560e+03
3.12048550e+03
3.12084540e+03
3.12120530e+03
3.12156520e+03
3.12192510e+03
3.12228500e+03
3.12264490e+03
3.12300480e+03
3.12336470e+03
3.12372460e+03
3.12408450e+03
3.12444440e+03
3.12480430e+03
3.12516420e+03
3.12552410e+03
3.12588400e+03
3.12624390e+03
3.12660380e+03
3.12696370e+03
3.12732360e+03
3.12768350e+03
3.12804340e+03
3.12840330e+03
3.12876320e+03
3.12912310e+03
3.12948300e+03
3.12984290e+03
3.13020280e+03
3.13056270e+03
3.13092260e+03
3.13128250e+03
3.13164240e+03
3.13200230e+03
3.13236220e+03
3.13272210e+03
3.13308200e+03
3.13344190e+03
3.13380180e+03
3.13416170e+03
3.13452160e+03
3.13488150e+03
3.13524140e+03
3.13560130e+03
3.13596120e+03
3.13632110e+03
3.13668100e+03
3.13704090e+03
3.13740080e+03
3.13776070e+03
3.13812060e+03
3.13848050e+03
3.13884040e+03
3.13920030e+03
3.13956020e+03
3.13992010e+03
3.14028000e+03
3.14063990e+03
3.14099980e+03
3.14135970e+03
3.14171960e+03
3.14207950e+03
3.14243940e+03
3.14279930e+03
3.14315920e+03
3.14351910e+03
3.14387900e+03
3.14423890e+03
3.14459880e+03
3.14495870e+03
3.14531860e+03
3.14567850e+03
3.14603840e+03
3.14639830e+03
3.14675820e+03
3.14711810e+03
3.14747800e+03
3.14783790e+03
3.14819780e+03
3.14855770e+03
3.14891760e+03
3.14927750e+03
3.14963740e+03
3.14999730e+03
3.15035720e+03
3.15071710e+03
3.15107700e+03
3.15143690e+03
3.15179680e+03
3.15215670e+03
3.15251660e+03
3.15287650e+03
3.15323640e+03
3.15359630e+03
3.15395620e+03
3.15431610e+03
3.15467600e+03
3.15503590e+03
3.15539580e+03
3.15575570e+03
3.15611560e+03
3.15647550e+03
3.15683540e+03
3.15719530e+03
3.15755520e+03
3.15791510e+03
3.15827500e+03
3.15863490e+03
3.15899480e+03
3.15935470e+03
3.15971460e+03
3.16007450e+03
3.16043440e+03
3.16079430e+03
3.16115420e+03
3.16151410e+03
3.16187400e+03
3.16223390e+03
3.16259380e+03
3.16295370e+03
3.16331360e+03
3.16367350e+03
3.16403340e+03
3.16439330e+03
3.16475320e+03
3.16511310e+03
3.16547300e+03
3.16583290e+03
3.16619280e+03
3.16655270e+03
3.16691260e+03
3.16727250e+03
3.16763240e+03
3.16799230e+03
3.16835220e+03
3.16871210e+03
3.16907200e+03
3.16943190e+03
3.16979180e+03
3.17015170e+03
3.17051160e+03
3.17087150e+03
3.17123140e+03
3.17159130e+03
3.17195120e+03
3.17231110e+03
3.17267100e+03
3.17303090e+03
3.17339080e+03
3.17375070e+03
3.17411060e+03
3.17447050e+03
3.17483040e+03
3.17519030e+03
3.17555020e+03
3.17591010e+03
3.17627000e+03
3.17662990e+03
3.17698980e+03
3.17734970e+03
3.17770960e+03
3.17806950e+03
3.17842940e+03
3.17878930e+03
3.17914920e+03
3.17950910e+03
3.17986900e+03
3.18022890e+03
3.18058880e+03
3.18094870e+03
3.18130860e+03
3.18166850e+03
3.18202840e+03
3.18238830e+03
3.18274820e+03
3.18310810e+03
3.18346800e+03
3.18382790e+03
3.18418780e+03
3.18454770e+03
3.18490760e+03
3.18526750e+03
3.18562740e+03
3.18598730e+03
3.18634720e+03
3.18670710e+03
3.18706700e+03
3.18742690e+03
3.18778680e+03
3.18814670e+03
3.18850660e+03
3.18886650e+03
3.18922640e+03
3.18958630e+03
3.18994620e+03
3.19030610e+03
3.19066600e+03
3.19102590e+03
3.19138580e+03
3.19174570e+03
3.19210560e+03
3.19246550e+03
3.19282540e+03
3.19318530e+03
3.19354520e+03
3.19390510e+03
3.19426500e+03
3.19462490e+03
3.19498480e+03
3.19534470e+03
3.19570460e+03
3.19606450e+03
3.19642440e+03
3.19678430e+03
3.19714420e+03
3.19750410e+03
3.19786400e+03
3.19822390e+03
3.19858380e+03
3.19894370e+03
3.19930360e+03
3.19966350e+03
3.20002340e+03
3.20038330e+03
3.20074320e+03
3.20110310e+03
3.20146300e+03
3.20182290e+03
3.20218280e+03
3.20254270e+03
3.20290260e+03
3.20326250e+03
3.20362240e+03
3.20398230e+03
3.20434220e+03
3.20470210e+03
3.20506200e+03
3.20542190e+03
3.20578180e+03
3.20614170e+03
3.20650160e+03
3.20686150e+03
3.20722140e+03
3.20758130e+03
3.20794120e+03
3.20830110e+03
3.20866100e+03
3.20902090e+03
3.20938080e+03
3.20974070e+03
3.21010060e+03
3.21046050e+03
3.21082040e+03
3.21118030e+03
3.21154020e+03
3.21190010e+03
3.21226000e+03
3.21261990e+03
3.21297980e+03
3.21333970e+03
3.21369960e+03
3.21405950e+03
3.21441940e+03
3.21477930e+03
3.21513920e+03
3.21549910e+03
3.21585900e+03
3.21621890e+03
3.21657880e+03
3.21693870e+03
3.21729860e+03
3.21765850e+03
3.21801840e+03
3.21837830e+03
3.21873820e+03
3.21909810e+03
3.21945800e+03
3.21981790e+03
3.22017780e+03
3.22053770e+03
3.22089760e+03
3.22125750e+03
3.22161740e+03
3.22197730e+03
3.22233720e+03
3.22269710e+03
3.22305700e+03
3.22341690e+03
3.22377680e+03
3.22413670e+03
3.22449660e+03
3.22485650e+03
3.22521640e+03
3.22557630e+03
3.22593620e+03
3.22629610e+03
3.22665600e+03
3.22701590e+03
3.22737580e+03
3.22773570e+03
3.22809560e+03
3.22845550e+03
3.22881540e+03
3.22917530e+03
3.22953520e+03
3.22989510e+03
3.23025500e+03
3.23061490e+03
3.23097480e+03
3.23133470e+03
3.23169460e+03
3.23205450e+03
3.23241440e+03
3.23277430e+03
3.23313420e+03
3.23349410e+03
3.23385400e+03
3.23421390e+03
3.23457380e+03
3.23493370e+03
3.23529360e+03
3.23565350e+03
3.23601340e+03
3.23637330e+03
3.23673320e+03
3.23709310e+03
3.23745300e+03
3.23781290e+03
3.23817280e+03
3.23853270e+03
3.23889260e+03
3.23925250e+03
3.23961240e+03
3.23997230e+03
3.24033220e+03
3.24069210e+03
3.24105200e+03
3.24141190e+03
3.24177180e+03
3.24213170e+03
3.24249160e+03
3.24285150e+03
3.24321140e+03
3.24357130e+03
3.24393120e+03
3.24429110e+03
3.24465100e+03
3.24501090e+03
3.24537080e+03
3.24573070e+03
3.24609060e+03
3.24645050e+03
3.24681040e+03
3.24717030e+03
3.24753020e+03
3.24789010e+03
3.24825000e+03
3.24860990e+03
3.24896980e+03
3.24932970e+03
3.24968960e+03
3.25004950e+03
3.25040940e+03
3.25076930e+03
3.25112920e+03
3.25148910e+03
3.25184900e+03
3.25220890e+03
3.25256880e+03
3.25292870e+03
3.25328860e+03
3.25364850e+03
3.25400840e+03
3.25436830e+03
3.25472820e+03
3.25508810e+03
3.25544800e+03
3.25580790e+03
3.25616780e+03
3.25652770e+03
3.25688760e+03
3.25724750e+03
3.25760740e+03
3.25796730e+03
3.25832720e+03
3.25868710e+03
3.25904700e+03
3.25940690e+03
3.25976680e+03
3.26012670e+03
3.26048660e+03
3.26084650e+03
3.26120640e+03
3.26156630e+03
3.26192620e+03
3.26228610e+03
3.26264600e+03
3.26300590e+03
3.26336580e+03
3.26372570e+03
3.26408560e+03
3.26444550e+03
3.26480540e+03
3.26516530e+03
3.26552520e+03
3.26588510e+03
3.26624500e+03
3.26660490e+03
3.26696480e+03
3.26732470e+03
3.26768460e+03
3.26804450e+03
3.26840440e+03
3.26876430e+03
3.26912420e+03
3.26948410e+03
3.26984400e+03
3.27020390e+03
3.27056380e+03
3.27092370e+03
3.27128360e+03
3.27164350e+03
3.27200340e+03
3.27236330e+03
3.27272320e+03
3.27308310e+03
3.27344300e+03
3.27380290e+03
3.27416280e+03
3.27452270e+03
3.27488260e+03
3.27524250e+03
3.27560240e+03
3.27596230e+03
3.27632220e+03
3.27668210e+03
3.27704200e+03
3.27740190e+03
3.27776180e+03
3.27812170e+03
3.27848160e+03
3.27884150e+03
3.27920140e+03
3.27956130e+03
3.27992120e+03
3.28028110e+03
3.28064100e+03
3.28100090e+03
3.28136080e+03
3.28172070e+03
3.28208060e+03
3.28244050e+03
3.28280040e+03
3.28316030e+03
3.28352020e+03
3.28388010e+03
3.28424000e+03
3.28459990e+03
3.28495980e+03
3.28531970e+03
3.28567960e+03
3.28603950e+03
3.28639940e+03
3.28675930e+03
3.28711920e+03
3.28747910e+03
3.28783900e+03
3.28819890e+03
3.28855880e+03
3.28891870e+03
3.28927860e+03
3.28963850e+03
3.28999840e+03
3.29035830e+03
3.29071820e+03
3.29107810e+03
3.29143800e+03
3.29179790e+03
3.29215780e+03
3.29251770e+03
3.29287760e+03
3.29323750e+03
3.29359740e+03
3.29395730e+03
3.29431720e+03
3.29467710e+03
3.29503700e+03
3.29539690e+03
3.29575680e+03
3.29611670e+03
3.29647660e+03
3.29683650e+03
3.29719640e+03
3.29755630e+03
3.29791620e+03
3.29827610e+03
3.29863600e+03
3.29899590e+03
3.29935580e+03
3.29971570e+03
3.30007560e+03
3.30043550e+03
3.30079540e+03
3.30115530e+03
3.30151520e+03
3.30187510e+03
3.30223500e+03
3.30259490e+03
3.30295480e+03
3.30331470e+03
3.30367460e+03
3.30403450e+03
3.30439440e+03
3.30475430e+03
3.30511420e+03
3.30547410e+03
3.30583400e+03
3.30619390e+03
3.30655380e+03
3.30691370e+03
3.30727360e+03
3.30763350e+03
3.30799340e+03
3.30835330e+03
3.30871320e+03
3.30907310e+03
3.30943300e+03
3.30979290e+03
3.31015280e+03
3.31051270e+03
3.31087260e+03
3.31123250e+03
3.31159240e+03
3.31195230e+03
3.31231220e+03
3.31267210e+03
3.31303200e+03
3.31339190e+03
3.31375180e+03
3.31411170e+03
3.31447160e+03
3.31483150e+03
3.31519140e+03
3.31555130e+03
3.31591120e+03
3.31627110e+03
3.31663100e+03
3.31699090e+03
3.31735080e+03
3.31771070e+03
3.31807060e+03
3.31843050e+03
3.31879040e+03
3.31915030e+03
3.31951020e+03
3.31987010e+03
3.32023000e+03
3.32058990e+03
3.32094980e+03
3.32130970e+03
3.32166960e+03
3.32202950e+03
3.32238940e+03
3.32274930e+03
3.32310920e+03
3.32346910e+03
3.32382900e+03
3.32418890e+03
3.32454880e+03
3.32490870e+03
3.32526860e+03
3.32562850e+03
3.32598840e+03
3.32634830e+03
3.32670820e+03
3.32706810e+03
3.32742800e+03
3.32778790e+03
3.32814780e+03
3.32850770e+03
3.32886760e+03
3.32922750e+03
3.32958740e+03
3.32994730e+03
3.33030720e+03
3.33066710e+03
3.33102700e+03
3.33138690e+03
3.33174680e+03
3.33210670e+03
3.33246660e+03
3.33282650e+03
3.33318640e+03
3.33354630e+03
3.33390620e+03
3.33426610e+03
3.33462600e+03
3.33498590e+03
3.33534580e+03
3.33570570e+03
3.33606560e+03
3.33642550e+03
3.33678540e+03
3.33714530e+03
3.33750520e+03
3.33786510e+03
3.33822500e+03
3.33858490e+03
3.33894480e+03
3.33930470e+03
3.33966460e+03
3.34002450e+03
3.34038440e+03
3.34074430e+03
3.34110420e+03
3.34146410e+03
3.34182400e+03
3.34218390e+03
3.34254380e+03
3.34290370e+03
3.34326360e+03
3.34362350e+03
3.34398340e+03
3.34434330e+03
3.34470320e+03
3.34506310e+03
3.34542300e+03
3.34578290e+03
3.34614280e+03
3.34650270e+03
3.34686260e+03
3.34722250e+03
3.34758240e+03
3.34794230e+03
3.34830220e+03
3.34866210e+03
3.34902200e+03
3.34938190e+03
3.34974180e+03
3.35010170e+03
3.35046160e+03
3.35082150e+03
3.35118140e+03
3.35154130e+03
3.35190120e+03
3.35226110e+03
3.35262100e+03
3.35298090e+03
3.35334080e+03
3.35370070e+03
3.35406060e+03
3.35442050e+03
3.35478040e+03
3.35514030e+03
3.35550020e+03
3.35586010e+03
3.35622000e+03
3.35657990e+03
3.35693980e+03
3.35729970e+03
3.35765960e+03
3.35801950e+03
3.35837940e+03
3.35873930e+03
3.35909920e+03
3.35945910e+03
3.35981900e+03
3.36017890e+03
3.36053880e+03
3.36089870e+03
3.36125860e+03
3.36161850e+03
3.36197840e+03
3.36233830e+03
3.36269820e+03
3.36305810e+03
3.36341800e+03
3.36377790e+03
3.36413780e+03
3.36449770e+03
3.36485760e+03
3.36521750e+03
3.36557740e+03
3.36593730e+03
3.36629720e+03
3.36665710e+03
3.36701700e+03
3.36737690e+03
3.36773680e+03
3.36809670e+03
3.36845660e+03
3.36881650e+03
3.36917640e+03
3.36953630e+03
3.36989620e+03
3.37025610e+03
3.37061600e+03
3.37097590e+03
3.37133580e+03
3.37169570e+03
3.37205560e+03
3.37241550e+03
3.37277540e+03
3.37313530e+03
3.37349520e+03
3.37385510e+03
3.37421500e+03
3.37457490e+03
3.37493480e+03
3.37529470e+03
3.37565460e+03
3.37601450e+03
3.37637440e+03
3.37673430e+03
3.37709420e+03
3.37745410e+03
3.37781400e+03
3.37817390e+03
3.37853380e+03
3.37889370e+03
3.37925360e+03
3.37961350e+03
3.37997340e+03
3.38033330e+03
3.38069320e+03
3.38105310e+03
3.38141300e+03
3.38177290e+03
3.38213280e+03
3.38249270e+03
3.38285260e+03
3.38321250e+03
3.38357240e+03
3.38393230e+03
3.38429220e+03
3.38465210e+03
3.38501200e+03
3.38537190e+03
3.38573180e+03
3.38609170e+03
3.38645160e+03
3.38681150e+03
3.38717140e+03
3.38753130e+03
3.38789120e+03
3.38825110e+03
3.38861100e+03
3.38897090e+03
3.38933080e+03
3.38969070e+03
3.39005060e+03
3.39041050e+03
3.39077040e+03
3.39113030e+03
3.39149020e+03
3.39185010e+03
3.39221000e+03
3.39256990e+03
3.39292980e+03
3.39328970e+03
3.39364960e+03
3.39400950e+03
3.39436940e+03
3.39472930e+03
3.39508920e+03
3.39544910e+03
3.39580900e+03
3.39616890e+03
3.39652880e+03
3.39688870e+03
3.39724860e+03
3.39760850e+03
3.39796840e+03
3.39832830e+03
3.39868820e+03
3.39904810e+03
3.39940800e+03
3.39976790e+03
3.40012780e+03
3.40048770e+03
3.40084760e+03
3.40120750e+03
3.40156740e+03
3.40192730e+03
3.40228720e+03
3.40264710e+03
3.40300700e+03
3.40336690e+03
3.40372680e+03
3.40408670e+03
3.40444660e+03
3.40480650e+03
3.40516640e+03
3.40552630e+03
3.40588620e+03
3.40624610e+03
3.40660600e+03
3.40696590e+03
3.40732580e+03
3.40768570e+03
3.40804560e+03
3.40840550e+03
3.40876540e+03
3.40912530e+03
3.40948520e+03
3.40984510e+03
3.41020500e+03
3.41056490e+03
3.41092480e+03
3.41128470e+03
3.41164460e+03
3.41200450e+03
3.41236440e+03
3.41272430e+03
3.41308420e+03
3.41344410e+03
3.41380400e+03
3.41416390e+03
3.41452380e+03
3.41488370e+03
3.41524360e+03
3.41560350e+03
3.41596340e+03
3.41632330e+03
3.41668320e+03
3.41704310e+03
3.41740300e+03
3.41776290e+03
3.41812280e+03
3.41848270e+03
3.41884260e+03
3.41920250e+03
3.41956240e+03
3.41992230e+03
3.42028220e+03
3.42064210e+03
3.42100200e+03
3.42136190e+03
3.42172180e+03
3.42208170e+03
3.42244160e+03
3.42280150e+03
3.42316140e+03
3.42352130e+03
3.42388120e+03
3.42424110e+03
3.42460100e+03
3.42496090e+03
3.42532080e+03
3.42568070e+03
3.42604060e+03
3.42640050e+03
3.42676040e+03
3.42712030e+03
3.42748020e+03
3.42784010e+03
3.42820000e+03
3.42855990e+03
3.42891980e+03
3.42927970e+03
3.42963960e+03
3.42999950e+03
3.43035940e+03
3.43071930e+03
3.43107920e+03
3.43143910e+03
3.43179900e+03
3.43215890e+03
3.43251880e+03
3.43287870e+03
3.43323860e+03
3.43359850e+03
3.43395840e+03
3.43431830e+03
3.43467820e+03
3.43503810e+03
3.43539800e+03
3.43575790e+03
3.43611780e+03
3.43647770e+03
3.43683760e+03
3.43719750e+03
3.43755740e+03
3.43791730e+03
3.43827720e+03
3.43863710e+03
3.43899700e+03
3.43935690e+03
3.43971680e+03
3.44007670e+03
3.44043660e+03
3.44079650e+03
3.44115640e+03
3.44151630e+03
3.44187620e+03
3.44223610e+03
3.44259600e+03
3.44295590e+03
3.44331580e+03
3.44367570e+03
3.44403560e+03
3.44439550e+03
3.44475540e+03
3.44511530e+03
3.44547520e+03
3.44583510e+03
3.44619500e+03
3.44655490e+03
3.44691480e+03
3.44727470e+03
3.44763460e+03
3.44799450e+03
3.44835440e+03
3.44871430e+03
3.44907420e+03
3.44943410e+03
3.44979400e+03
3.45015390e+03
3.45051380e+03
3.45087370e+03
3.45123360e+03
3.45159350e+03
3.45195340e+03
3.45231330e+03
3.45267320e+03
3.45303310e+03
3.45339300e+03
3.45375290e+03
3.45411280e+03
3.45447270e+03
3.45483260e+03
3.45519250e+03
3.45555240e+03
3.45591230e+03
3.45627220e+03
3.45663210e+03
3.45699200e+03
3.45735190e+03
3.45771180e+03
3.45807170e+03
3.45843160e+03
3.45879150e+03
3.45915140e+03
3.45951130e+03
3.45987120e+03
3.46023110e+03
3.46059100e+03
3.46095090e+03
3.46131080e+03
3.46167070e+03
3.46203060e+03
3.46239050e+03
3.46275040e+03
3.46311030e+03
3.46347020e+03
3.46383010e+03
3.46419000e+03
3.46454990e+03
3.46490980e+03
3.46526970e+03
3.46562960e+03
3.46598950e+03
3.46634940e+03
3.46670930e+03
3.46706920e+03
3.46742910e+03
3.46778900e+03
3.46814890e+03
3.46850880e+03
3.46886870e+03
3.46922860e+03
3.46958850e+03
3.46994840e+03
3.47030830e+03
3.47066820e+03
3.47102810e+03
3.47138800e+03
3.47174790e+03
3.47210780e+03
3.47246770e+03
3.47282760e+03
3.47318750e+03
3.47354740e+03
3.47390730e+03
3.47426720e+03
3.47462710e+03
3.47498700e+03
3.47534690e+03
3.47570680e+03
3.47606670e+03
3.47642660e+03
3.47678650e+03
3.47714640e+03
3.47750630e+03
3.47786620e+03
3.47822610e+03
3.47858600e+03
3.47894590e+03
3.47930580e+03
3.47966570e+03
3.48002560e+03
3.48038550e+03
3.48074540e+03
3.48110530e+03
3.48146520e+03
3.48182510e+03
3.48218500e+03
3.48254490e+03
3.48290480e+03
3.48326470e+03
3.48362460e+03
3.48398450e+03
3.48434440e+03
3.48470430e+03
3.48506420e+03
3.48542410e+03
3.48578400e+03
3.48614390e+03
3.48650380e+03
3.48686370e+03
3.48722360e+03
3.48758350e+03
3.48794340e+03
3.48830330e+03
3.48866320e+03
3.48902310e+03
3.48938300e+03
3.48974290e+03
3.49010280e+03
3.49046270e+03
3.49082260e+03
3.49118250e+03
3.49154240e+03
3.49190230e+03
3.49226220e+03
3.49262210e+03
3.49298200e+03
3.49334190e+03
3.49370180e+03
3.49406170e+03
3.49442160e+03
3.49478150e+03
3.49514140e+03
3.49550130e+03
3.49586120e+03
3.49622110e+03
3.49658100e+03
3.49694090e+03
3.49730080e+03
3.49766070e+03
3.49802060e+03
3.49838050e+03
3.49874040e+03
3.49910030e+03
3.49946020e+03
3.49982010e+03
3.50018000e+03
3.50053990e+03
3.50089980e+03
3.50125970e+03
3.50161960e+03
3.50197950e+03
3.50233940e+03
3.50269930e+03
3.50305920e+03
3.50341910e+03
3.50377900e+03
3.50413890e+03
3.50449880e+03
3.50485870e+03
3.50521860e+03
3.50557850e+03
3.50593840e+03
3.50629830e+03
3.50665820e+03
3.50701810e+03
3.50737800e+03
3.50773790e+03
3.50809780e+03
3.50845770e+03
3.50881760e+03
3.50917750e+03
3.50953740e+03
3.50989730e+03
3.51025720e+03
3.51061710e+03
3.51097700e+03
3.51133690e+03
3.51169680e+03
3.51205670e+03
3.51241660e+03
3.51277650e+03
3.51313640e+03
3.51349630e+03
3.51385620e+03
3.51421610e+03
3.51457600e+03
3.51493590e+03
3.51529580e+03
3.51565570e+03
3.51601560e+03
3.51637550e+03
3.51673540e+03
3.51709530e+03
3.51745520e+03
3.51781510e+03
3.51817500e+03
3.51853490e+03
3.51889480e+03
3.51925470e+03
3.51961460e+03
3.51997450e+03
3.52033440e+03
3.52069430e+03
3.52105420e+03
3.52141410e+03
3.52177400e+03
3.52213390e+03
3.52249380e+03
3.52285370e+03
3.52321360e+03
3.52357350e+03
3.52393340e+03
3.52429330e+03
3.52465320e+03
3.52501310e+03
3.52537300e+03
3.52573290e+03
3.52609280e+03
3.52645270e+03
3.52681260e+03
3.52717250e+03
3.52753240e+03
3.52789230e+03
3.52825220e+03
3.52861210e+03
3.52897200e+03
3.52933190e+03
3.52969180e+03
3.53005170e+03
3.53041160e+03
3.53077150e+03
3.53113140e+03
3.53149130e+03
3.53185120e+03
3.53221110e+03
3.53257100e+03
3.53293090e+03
3.53329080e+03
3.53365070e+03
3.53401060e+03
3.53437050e+03
3.53473040e+03
3.53509030e+03
3.53545020e+03
3.53581010e+03
3.53617000e+03
3.53652990e+03
3.53688980e+03
3.53724970e+03
3.53760960e+03
3.53796950e+03
3.53832940e+03
3.53868930e+03
3.53904920e+03
3.53940910e+03
3.53976900e+03
3.54012890e+03
3.54048880e+03
3.54084870e+03
3.54120860e+03
3.54156850e+03
3.54192840e+03
3.54228830e+03
3.54264820e+03
3.54300810e+03
3.54336800e+03
3.54372790e+03
3.54408780e+03
3.54444770e+03
3.54480760e+03
3.54516750e+03
3.54552740e+03
3.54588730e+03
3.54624720e+03
3.54660710e+03
3.54696700e+03
3.54732690e+03
3.54768680e+03
3.54804670e+03
3.54840660e+03
3.54876650e+03
3.54912640e+03
3.54948630e+03
3.54984620e+03
3.55020610e+03
3.55056600e+03
3.55092590e+03
3.55128580e+03
3.55164570e+03
3.55200560e+03
3.55236550e+03
3.55272540e+03
3.55308530e+03
3.55344520e+03
3.55380510e+03
3.55416500e+03
3.55452490e+03
3.55488480e+03
3.55524470e+03
3.55560460e+03
3.55596450e+03
3.55632440e+03
3.55668430e+03
3.55704420e+03
3.55740410e+03
3.55776400e+03
3.55812390e+03
3.55848380e+03
3.55884370e+03
3.55920360e+03
3.55956350e+03
3.55992340e+03
3.56028330e+03
3.56064320e+03
3.56100310e+03
3.56136300e+03
3.56172290e+03
3.56208280e+03
3.56244270e+03
3.56280260e+03
3.56316250e+03
3.56352240e+03
3.56388230e+03
3.56424220e+03
3.56460210e+03
3.56496200e+03
3.56532190e+03
3.56568180e+03
3.56604170e+03
3.56640160e+03
3.56676150e+03
3.56712140e+03
3.56748130e+03
3.56784120e+03
3.56820110e+03
3.56856100e+03
3.56892090e+03
3.56928080e+03
3.56964070e+03
3.57000060e+03
3.57036050e+03
3.57072040e+03
3.57108030e+03
3.57144020e+03
3.57180010e+03
3.57216000e+03
3.57251990e+03
3.57287980e+03
3.57323970e+03
3.57359960e+03
3.57395950e+03
3.57431940e+03
3.57467930e+03
3.57503920e+03
3.57539910e+03
3.57575900e+03
3.57611890e+03
3.57647880e+03
3.57683870e+03
3.57719860e+03
3.57755850e+03
3.57791840e+03
3.57827830e+03
3.57863820e+03
3.57899810e+03
3.57935800e+03
3.57971790e+03
3.58007780e+03
3.58043770e+03
3.58079760e+03
3.58115750e+03
3.58151740e+03
3.58187730e+03
3.58223720e+03
3.58259710e+03
3.58295700e+03
3.58331690e+03
3.58367680e+03
3.58403670e+03
3.58439660e+03
3.58475650e+03
3.58511640e+03
3.58547630e+03
3.58583620e+03
3.58619610e+03
3.58655600e+03
3.58691590e+03
3.58727580e+03
3.58763570e+03
3.58799560e+03
3.58835550e+03
3.58871540e+03
3.58907530e+03
3.58943520e+03
3.58979510e+03
3.59015500e+03
3.59051490e+03
3.59087480e+03
3.59123470e+03
3.59159460e+03
3.59195450e+03
3.59231440e+03
3.59267430e+03
3.59303420e+03
3.59339410e+03
3.59375400e+03
3.59411390e+03
3.59447380e+03
3.59483370e+03
3.59519360e+03
3.59555350e+03
3.59591340e+03
3.59627330e+03
3.59663320e+03
3.59699310e+03
3.59735300e+03
3.59771290e+03
3.59807280e+03
3.59843270e+03
3.59879260e+03
3.59915250e+03
3.59951240e+03
3.59987230e+03
3.60023220e+03
3.60059210e+03
3.60095200e+03
3.60131190e+03
3.60167180e+03
3.60203170e+03
3.60239160e+03
3.60275150e+03
3.60311140e+03
3.60347130e+03
3.60383120e+03
3.60419110e+03
3.60455100e+03
3.60491090e+03
3.60527080e+03
3.60563070e+03
3.60599060e+03
3.60635050e+03
3.60671040e+03
3.60707030e+03
3.60743020e+03
3.60779010e+03
3.60815000e+03
3.60850990e+03
3.60886980e+03
3.60922970e+03
3.60958960e+03
3.60994950e+03
3.61030940e+03
3.61066930e+03
3.61102920e+03
3.61138910e+03
3.61174900e+03
3.61210890e+03
3.61246880e+03
3.61282870e+03
3.61318860e+03
3.61354850e+03
3.61390840e+03
3.61426830e+03
3.61462820e+03
3.61498810e+03
3.61534800e+03
3.61570790e+03
3.61606780e+03
3.61642770e+03
3.61678760e+03
3.61714750e+03
3.61750740e+03
3.61786730e+03
3.61822720e+03
3.61858710e+03
3.61894700e+03
3.61930690e+03
3.61966680e+03
3.62002670e+03
3.62038660e+03
3.62074650e+03
3.62110640e+03
3.62146630e+03
3.62182620e+03
3.62218610e+03
3.62254600e+03
3.62290590e+03
3.62326580e+03
3.62362570e+03
3.62398560e+03
3.62434550e+03
3.62470540e+03
3.62506530e+03
3.62542520e+03
3.62578510e+03
3.62614500e+03
3.62650490e+03
3.62686480e+03
3.62722470e+03
3.62758460e+03
3.62794450e+03
3.62830440e+03
3.62866430e+03
3.62902420e+03
3.62938410e+03
3.62974400e+03
3.63010390e+03
3.63046380e+03
3.63082370e+03
3.63118360e+03
3.63154350e+03
3.63190340e+03
3.63226330e+03
3.63262320e+03
3.63298310e+03
3.63334300e+03
3.63370290e+03
3.63406280e+03
3.63442270e+03
3.63478260e+03
3.63514250e+03
3.63550240e+03
3.63586230e+03
3.63622220e+03
3.63658210e+03
3.63694200e+03
3.63730190e+03
3.63766180e+03
3.63802170e+03
3.63838160e+03
3.63874150e+03
3.63910140e+03
3.63946130e+03
3.63982120e+03
3.64018110e+03
3.64054100e+03
3.64090090e+03
3.64126080e+03
3.64162070e+03
3.64198060e+03
3.64234050e+03
3.64270040e+03
3.64306030e+03
3.64342020e+03
3.64378010e+03
3.64414000e+03
3.64449990e+03
3.64485980e+03
3.64521970e+03
3.64557960e+03
3.64593950e+03
3.64629940e+03
3.64665930e+03
3.64701920e+03
3.64737910e+03
3.64773900e+03
3.64809890e+03
3.64845880e+03
3.64881870e+03
3.64917860e+03
3.64953850e+03
3.64989840e+03
3.65025830e+03
3.65061820e+03
3.65097810e+03
3.65133800e+03
3.65169790e+03
3.65205780e+03
3.65241770e+03
3.65277760e+03
3.65313750e+03
3.65349740e+03
3.65385730e+03
3.65421720e+03
3.65457710e+03
3.65493700e+03
3.65529690e+03
3.65565680e+03
3.65601670e+03
3.65637660e+03
3.65673650e+03
3.65709640e+03
3.65745630e+03
3.65781620e+03
3.65817610e+03
3.65853600e+03
3.65889590e+03
3.65925580e+03
3.65961570e+03
3.65997560e+03
3.66033550e+03
3.66069540e+03
3.66105530e+03
3.66141520e+03
3.66177510e+03
3.66213500e+03
3.66249490e+03
3.66285480e+03
3.66321470e+03
3.66357460e+03
3.66393450e+03
3.66429440e+03
3.66465430e+03
3.66501420e+03
3.66537410e+03
3.66573400e+03
3.66609390e+03
3.66645380e+03
3.66681370e+03
3.66717360e+03
3.66753350e+03
3.66789340e+03
3.66825330e+03
3.66861320e+03
3.66897310e+03
3.66933300e+03
3.66969290e+03
3.67005280e+03
3.67041270e+03
3.67077260e+03
3.67113250e+03
3.67149240e+03
3.67185230e+03
3.67221220e+03
3.67257210e+03
3.67293200e+03
3.67329190e+03
3.67365180e+03
3.67401170e+03
3.67437160e+03
3.67473150e+03
3.67509140e+03
3.67545130e+03
3.67581120e+03
3.67617110e+03
3.67653100e+03
3.67689090e+03
3.67725080e+03
3.67761070e+03
3.67797060e+03
3.67833050e+03
3.67869040e+03
3.67905030e+03
3.67941020e+03
3.67977010e+03
3.68013000e+03
3.68048990e+03
3.68084980e+03
3.68120970e+03
3.68156960e+03
3.68192950e+03
3.68228940e+03
3.68264930e+03
3.68300920e+03
3.68336910e+03
3.68372900e+03
3.68408890e+03
3.68444880e+03
3.68480870e+03
3.68516860e+03
3.68552850e+03
3.68588840e+03
3.68624830e+03
3.68660820e+03
3.68696810e+03
3.68732800e+03
3.68768790e+03
3.68804780e+03
3.68840770e+03
3.68876760e+03
3.68912750e+03
3.68948740e+03
3.68984730e+03
3.69020720e+03
3.69056710e+03
3.69092700e+03
3.69128690e+03
3.69164680e+03
3.69200670e+03
3.69236660e+03
3.69272650e+03
3.69308640e+03
3.69344630e+03
3.69380620e+03
3.69416610e+03
3.69452600e+03
3.69488590e+03
3.69524580e+03
3.69560570e+03
3.69596560e+03
3.69632550e+03
3.69668540e+03
3.69704530e+03
3.69740520e+03
3.69776510e+03
3.69812500e+03
3.69848490e+03
3.69884480e+03
3.69920470e+03
3.69956460e+03
3.69992450e+03
3.70028440e+03
3.70064430e+03
3.70100420e+03
3.70136410e+03
3.70172400e+03
3.70208390e+03
3.70244380e+03
3.70280370e+03
3.70316360e+03
3.70352350e+03
3.70388340e+03
3.70424330e+03
3.70460320e+03
3.70496310e+03
3.70532300e+03
3.70568290e+03
3.70604280e+03
3.70640270e+03
3.70676260e+03
3.70712250e+03
3.70748240e+03
3.70784230e+03
3.70820220e+03
3.70856210e+03
3.70892200e+03
3.70928190e+03
3.70964180e+03
3.71000170e+03
3.71036160e+03
3.71072150e+03
3.71108140e+03
3.71144130e+03
3.71180120e+03
3.71216110e+03
3.71252100e+03
3.71288090e+03
3.71324080e+03
3.71360070e+03
3.71396060e+03
3.71432050e+03
3.71468040e+03
3.71504030e+03
3.71540020e+03
3.71576010e+03
3.71612000e+03
3.71647990e+03
3.71683980e+03
3.71719970e+03
3.71755960e+03
3.71791950e+03
3.71827940e+03
3.71863930e+03
3.71899920e+03
3.71935910e+03
3.71971900e+03
3.72007890e+03
3.72043880e+03
3.72079870e+03
3.72115860e+03
3.72151850e+03
3.72187840e+03
3.72223830e+03
3.72259820e+03
3.72295810e+03
3.72331800e+03
3.72367790e+03
3.72403780e+03
3.72439770e+03
3.72475760e+03
3.72511750e+03
3.72547740e+03
3.72583730e+03
3.72619720e+03
3.72655710e+03
3.72691700e+03
3.72727690e+03
3.72763680e+03
3.72799670e+03
3.72835660e+03
3.72871650e+03
3.72907640e+03
3.72943630e+03
3.72979620e+03
3.73015610e+03
3.73051600e+03
3.73087590e+03
3.73123580e+03
3.73159570e+03
3.73195560e+03
3.73231550e+03
3.73267540e+03
3.73303530e+03
3.73339520e+03
3.73375510e+03
3.73411500e+03
3.73447490e+03
3.73483480e+03
3.73519470e+03
3.73555460e+03
3.73591450e+03
3.73627440e+03
3.73663430e+03
3.73699420e+03
3.73735410e+03
3.73771400e+03
3.73807390e+03
3.73843380e+03
3.73879370e+03
3.73915360e+03
3.73951350e+03
3.73987340e+03
3.74023330e+03
3.74059320e+03
3.74095310e+03
3.74131300e+03
3.74167290e+03
3.74203280e+03
3.74239270e+03
3.74275260e+03
3.74311250e+03
3.74347240e+03
3.74383230e+03
3.74419220e+03
3.74455210e+03
3.74491200e+03
3.74527190e+03
3.74563180e+03
3.74599170e+03
3.74635160e+03
3.74671150e+03
3.74707140e+03
3.74743130e+03
3.74779120e+03
3.74815110e+03
3.74851100e+03
3.74887090e+03
3.74923080e+03
3.74959070e+03
3.74995060e+03
3.75031050e+03
3.75067040e+03
3.75103030e+03
3.75139020e+03
3.75175010e+03
3.75211000e+03
3.75246990e+03
3.75282980e+03
3.75318970e+03
3.75354960e+03
3.75390950e+03
3.75426940e+03
3.75462930e+03
3.75498920e+03
3.75534910e+03
3.75570900e+03
3.75606890e+03
3.75642880e+03
3.75678870e+03
3.75714860e+03
3.75750850e+03
3.75786840e+03
3.75822830e+03
3.75858820e+03
3.75894810e+03
3.75930800e+03
3.75966790e+03
3.76002780e+03
3.76038770e+03
3.76074760e+03
3.76110750e+03
3.76146740e+03
3.76182730e+03
3.76218720e+03
3.76254710e+03
3.76290700e+03
3.76326690e+03
3.76362680e+03
3.76398670e+03
3.76434660e+03
3.76470650e+03
3.76506640e+03
3.76542630e+03
3.76578620e+03
3.76614610e+03
3.76650600e+03
3.76686590e+03
3.76722580e+03
3.76758570e+03
3.76794560e+03
3.76830550e+03
3.76866540e+03
3.76902530e+03
3.76938520e+03
3.76974510e+03
3.77010500e+03
3.77046490e+03
3.77082480e+03
3.77118470e+03
3.77154460e+03
3.77190450e+03
3.77226440e+03
3.77262430e+03
3.77298420e+03
3.77334410e+03
3.77370400e+03
3.77406390e+03
3.77442380e+03
3.77478370e+03
3.77514360e+03
3.77550350e+03
3.77586340e+03
3.77622330e+03
3.77658320e+03
3.77694310e+03
3.77730300e+03
3.77766290e+03
3.77802280e+03
3.77838270e+03
3.77874260e+03
3.77910250e+03
3.77946240e+03
3.77982230e+03
3.78018220e+03
3.78054210e+03
3.78090200e+03
3.78126190e+03
3.78162180e+03
3.78198170e+03
3.78234160e+03
3.78270150e+03
3.78306140e+03
3.78342130e+03
3.78378120e+03
3.78414110e+03
3.78450100e+03
3.78486090e+03
3.78522080e+03
3.78558070e+03
3.78594060e+03
3.78630050e+03
3.78666040e+03
3.78702030e+03
3.78738020e+03
3.78774010e+03
