1.20199800e+03
1.56799800e+03
6.99998000e+02
6.49998000e+02
7.99998000e+02
1.75299800e+03
1.65599800e+03
1.42099800e+03
1.14899800e+03
4.11998000e+02
1.53599800e+03
1.21699800e+03
1.33399800e+03
1.12699800e+03
6.29998000e+02
8.11998000e+02
9.58998000e+02
2.80998000e+02
1.14099800e+03
1.25599800e+03
1.05399800e+03
9.73998000e+02
1.34399800e+03
2.26799800e+03
1.69899800e+03
1.49899800e+03
1.92899800e+03
1.46599800e+03
8.82998000e+02
9.45998000e+02
1.88699800e+03
1.56099800e+03
1.39499800e+03
1.50299800e+03
2.23999800e+03
1.32799800e+03
1.64299800e+03
1.46299800e+03
1.26099800e+03
9.92998000e+02
9.72998000e+02
5.94998000e+02
3.98998000e+02
8.14998000e+02
6.55998000e+02
1.73599800e+03
1.22199800e+03
8.21998000e+02
6.08998000e+02
1.10099800e+03
1.87999800e+03
1.62799800e+03
1.12999800e+03
1.19899800e+03
8.21998000e+02
1.74699800e+03
1.89399800e+03
1.09999800e+03
5.09998000e+02
1.01199800e+03
1.35499800e+03
1.15899800e+03
1.57999800e+03
1.12099800e+03
9.00998000e+02
1.77599800e+03
1.19099800e+03
1.49699800e+03
1.44999800e+03
1.18399800e+03
1.29599800e+03
1.31499800e+03
1.29999800e+03
1.12499800e+03
1.35999800e+03
9.37998000e+02
1.03499800e+03
9.37998000e+02
9.46998000e+02
2.09399800e+03
1.83899800e+03
1.09899800e+03
5.57998000e+02
9.37998000e+02
1.42399800e+03
9.34998000e+02
1.07099800e+03
1.26499800e+03
1.15299800e+03
1.31899800e+03
7.29998000e+02
7.41998000e+02
8.33998000e+02
7.68998000e+02
1.20999800e+03
8.74998000e+02
7.00998000e+02
4.84998000e+02
6.74998000e+02
1.01899800e+03
8.71998000e+02
8.00998000e+02
4.07998000e+02
5.39998000e+02
7.15998000e+02
5.84998000e+02
9.11998000e+02
7.32998000e+02
-2.73002000e+02
-8.79002000e+02
-3.55002000e+02
2.05998000e+02
7.99980000e+01
2.75998000e+02
-4.00200000e+00
3.81998000e+02
3.14998000e+02
1.00998000e+02
2.40998000e+02
5.79998000e+02
8.30998000e+02
1.28699800e+03
5.11998000e+02
-6.80020000e+01
2.01998000e+02
3.49998000e+02
6.02998000e+02
1.70199800e+03
7.20998000e+02
6.00998000e+02
4.41998000e+02
7.64998000e+02
1.29399800e+03
7.42998000e+02
1.16399800e+03
6.13998000e+02
8.58998000e+02
7.10998000e+02
1.63998000e+02
-4.56002000e+02
3.82998000e+02
7.60998000e+02
1.59799800e+03
2.14899800e+03
1.37699800e+03
1.59499800e+03
1.11299800e+03
1.20599800e+03
9.44998000e+02
2.06499800e+03
1.09599800e+03
6.60998000e+02
8.07998000e+02
7.69998000e+02
7.79998000e+02
1.32799800e+03
1.43399800e+03
7.84998000e+02
1.62998000e+02
7.29980000e+01
1.11399800e+03
7.47998000e+02
8.71998000e+02
1.09099800e+03
5.85998000e+02
2.79980000e+01
1.17699800e+03
1.93999800e+03
6.37998000e+02
1.14899800e+03
7.30998000e+02
4.54998000e+02
1.19299800e+03
1.21199800e+03
7.09998000e+02
1.12599800e+03
1.61099800e+03
1.24699800e+03
2.84998000e+02
7.70998000e+02
7.34998000e+02
7.81998000e+02
5.84998000e+02
7.10998000e+02
9.68998000e+02
2.13998000e+02
-7.30020000e+01
6.45998000e+02
7.02998000e+02
4.16998000e+02
4.02998000e+02
7.49998000e+02
2.59998000e+02
1.21998000e+02
-2.90020000e+01
-5.50020000e+01
3.49998000e+02
-2.52002000e+02
7.75998000e+02
-1.15002000e+02
2.75998000e+02
2.88998000e+02
8.61998000e+02
4.37998000e+02
1.46998000e+02
2.70998000e+02
8.49980000e+01
6.10998000e+02
3.88998000e+02
-6.20002000e+02
9.89998000e+02
9.21998000e+02
1.02799800e+03
4.84998000e+02
8.94998000e+02
8.80998000e+02
5.93998000e+02
9.31998000e+02
5.02998000e+02
5.53998000e+02
6.28998000e+02
9.29998000e+02
8.77998000e+02
1.19099800e+03
6.57998000e+02
6.57998000e+02
2.36998000e+02
-7.40020000e+01
8.14998000e+02
7.62998000e+02
3.69998000e+02
1.62998000e+02
1.28299800e+03
8.32998000e+02
2.15998000e+02
9.74998000e+02
7.04998000e+02
1.04199800e+03
1.24799800e+03
7.71998000e+02
1.05899800e+03
3.30998000e+02
-1.41002000e+02
5.11998000e+02
1.23099800e+03
1.35499800e+03
1.01899800e+03
5.06998000e+02
1.49998000e+02
-1.49002000e+02
1.26998000e+02
7.56998000e+02
1.49799800e+03
1.17499800e+03
7.98998000e+02
-1.09002000e+02
-4.20020000e+01
6.98998000e+02
3.59980000e+01
2.48998000e+02
2.97998000e+02
3.81998000e+02
7.78998000e+02
8.13998000e+02
-1.20002000e+02
7.53998000e+02
1.00499800e+03
1.07299800e+03
1.32699800e+03
3.98998000e+02
5.32998000e+02
9.44998000e+02
5.76998000e+02
1.37799800e+03
9.02998000e+02
9.62998000e+02
7.91998000e+02
8.01998000e+02
5.17998000e+02
2.81998000e+02
6.33998000e+02
8.81998000e+02
1.58998000e+02
7.35998000e+02
-2.28002000e+02
9.79980000e+01
1.39998000e+02
8.60998000e+02
8.36998000e+02
6.89998000e+02
1.61299800e+03
1.01299800e+03
5.73998000e+02
3.43998000e+02
1.45799800e+03
1.23899800e+03
7.37998000e+02
3.84998000e+02
4.66998000e+02
7.54998000e+02
5.71998000e+02
5.19980000e+01
1.22899800e+03
3.04998000e+02
-3.71002000e+02
-2.97002000e+02
6.51998000e+02
1.83998000e+02
-1.39002000e+02
1.20599800e+03
5.47998000e+02
2.41998000e+02
5.22998000e+02
-2.57002000e+02
-6.30002000e+02
1.53998000e+02
-3.00020000e+01
3.69980000e+01
7.35998000e+02
4.32998000e+02
3.42998000e+02
1.01199800e+03
6.89998000e+02
1.19899800e+03
8.92998000e+02
8.00998000e+02
9.51998000e+02
4.31998000e+02
-1.05002000e+02
-4.60020000e+01
-1.98002000e+02
3.75998000e+02
4.20998000e+02
5.13998000e+02
2.16998000e+02
2.30998000e+02
5.29998000e+02
9.20998000e+02
9.46998000e+02
1.35599800e+03
5.95998000e+02
3.91998000e+02
1.35999800e+03
1.17199800e+03
5.82998000e+02
1.21998000e+02
8.98998000e+02
3.46998000e+02
3.18998000e+02
-4.65002000e+02
-4.50002000e+02
-1.00020000e+01
3.37998000e+02
7.84998000e+02
8.32998000e+02
6.86998000e+02
1.02799800e+03
3.45998000e+02
4.61998000e+02
4.26998000e+02
2.89980000e+01
1.08599800e+03
2.87998000e+02
1.28998000e+02
5.09998000e+02
5.76998000e+02
-4.90002000e+02
-1.44700200e+03
5.69998000e+02
3.36998000e+02
4.66998000e+02
9.21998000e+02
1.03299800e+03
1.05699800e+03
-3.30020000e+01
1.96998000e+02
5.37998000e+02
-2.98002000e+02
-3.10020000e+01
2.52998000e+02
6.69980000e+01
6.27998000e+02
4.89998000e+02
9.15998000e+02
1.11299800e+03
5.11998000e+02
8.29980000e+01
2.82998000e+02
5.04998000e+02
-3.74002000e+02
-1.51002000e+02
1.63998000e+02
5.02998000e+02
-1.21002000e+02
-3.75002000e+02
3.56998000e+02
3.66998000e+02
-7.40020000e+01
-1.11002000e+02
-1.22002000e+02
-3.97002000e+02
2.89998000e+02
5.00998000e+02
-2.47002000e+02
-6.63002000e+02
4.26998000e+02
5.47998000e+02
4.35998000e+02
7.99980000e+01
-1.71002000e+02
3.40998000e+02
7.85998000e+02
1.34099800e+03
1.47699800e+03
9.69998000e+02
1.03998000e+02
2.26998000e+02
3.04998000e+02
1.85998000e+02
3.09980000e+01
2.25998000e+02
6.89998000e+02
5.71998000e+02
-1.34002000e+02
8.26998000e+02
5.76998000e+02
-1.83002000e+02
-6.44002000e+02
-3.85002000e+02
4.31998000e+02
1.08499800e+03
4.49998000e+02
-4.84002000e+02
-6.00200000e+00
8.48998000e+02
9.97998000e+02
1.25199800e+03
8.07998000e+02
7.06998000e+02
5.49980000e+01
-3.66002000e+02
1.10699800e+03
7.70998000e+02
-4.00020000e+01
1.86998000e+02
3.87998000e+02
4.20998000e+02
3.23998000e+02
8.61998000e+02
1.10099800e+03
3.47998000e+02
8.49980000e+01
2.72998000e+02
9.84998000e+02
6.12998000e+02
3.91998000e+02
8.86998000e+02
2.47998000e+02
-2.02002000e+02
8.49998000e+02
6.77998000e+02
8.53998000e+02
8.31998000e+02
5.84998000e+02
3.59980000e+01
-3.87002000e+02
-1.76002000e+02
7.94998000e+02
1.14599800e+03
2.65998000e+02
3.50998000e+02
2.51998000e+02
1.27399800e+03
9.43998000e+02
3.66998000e+02
9.60998000e+02
5.97998000e+02
3.59980000e+01
-9.58002000e+02
-1.29002000e+02
1.72998000e+02
-4.74002000e+02
-5.10020000e+01
5.32998000e+02
8.00998000e+02
8.22998000e+02
8.45998000e+02
6.02998000e+02
2.05998000e+02
3.15998000e+02
2.39998000e+02
-2.90002000e+02
6.56998000e+02
7.44998000e+02
1.09399800e+03
3.21998000e+02
-2.98002000e+02
6.70998000e+02
5.83998000e+02
-8.84002000e+02
3.26998000e+02
6.90998000e+02
4.70998000e+02
-4.42002000e+02
-1.42002000e+02
1.90998000e+02
4.44998000e+02
7.84998000e+02
1.21998000e+02
1.00699800e+03
8.96998000e+02
3.60998000e+02
1.03998000e+02
3.58998000e+02
-2.46002000e+02
-8.64002000e+02
7.29980000e+01
4.86998000e+02
3.72998000e+02
2.60998000e+02
-1.70020000e+01
4.15998000e+02
4.29998000e+02
8.70998000e+02
7.11998000e+02
4.43998000e+02
-3.84002000e+02
-6.60002000e+02
-6.40020000e+01
5.25998000e+02
4.82998000e+02
1.74998000e+02
8.29980000e+01
2.87998000e+02
-4.98002000e+02
6.01998000e+02
1.17599800e+03
6.88998000e+02
-8.80020000e+01
4.69980000e+01
6.83998000e+02
7.19998000e+02
1.13899800e+03
1.23599800e+03
5.35998000e+02
1.49199800e+03
7.57998000e+02
5.90998000e+02
1.36699800e+03
1.95199800e+03
1.87299800e+03
6.97998000e+02
8.00998000e+02
1.54998000e+02
3.09980000e+01
5.91998000e+02
-8.20020000e+01
7.49980000e+01
8.25998000e+02
5.39980000e+01
7.07998000e+02
4.40998000e+02
1.05499800e+03
-2.96002000e+02
-7.20002000e+02
4.74998000e+02
1.30699800e+03
1.68599800e+03
7.09998000e+02
8.39980000e+01
-3.18002000e+02
2.00998000e+02
9.34998000e+02
1.12399800e+03
9.64998000e+02
1.20299800e+03
9.31998000e+02
1.70599800e+03
1.50999800e+03
5.76998000e+02
7.47998000e+02
5.61998000e+02
6.72998000e+02
8.29998000e+02
-1.00020000e+01
5.43998000e+02
1.03999800e+03
1.05699800e+03
1.43998000e+02
1.06998000e+02
2.97998000e+02
1.17499800e+03
6.22998000e+02
5.16998000e+02
1.67699800e+03
9.87998000e+02
6.17998000e+02
8.95998000e+02
2.06998000e+02
3.19998000e+02
-1.49002000e+02
3.39998000e+02
5.79998000e+02
2.18998000e+02
1.34999800e+03
1.12899800e+03
1.43099800e+03
7.48998000e+02
5.04998000e+02
1.40699800e+03
7.61998000e+02
6.61998000e+02
1.49099800e+03
1.07399800e+03
1.18199800e+03
3.28998000e+02
3.02998000e+02
9.10998000e+02
6.59998000e+02
3.28998000e+02
6.55998000e+02
1.19699800e+03
1.23699800e+03
1.14799800e+03
1.18599800e+03
1.07199800e+03
7.83998000e+02
4.89998000e+02
-1.68002000e+02
3.70998000e+02
1.40999800e+03
1.07699800e+03
7.49998000e+02
1.52998000e+02
4.31998000e+02
1.29199800e+03
1.24699800e+03
9.18998000e+02
5.77998000e+02
1.25199800e+03
4.98998000e+02
1.49399800e+03
1.35899800e+03
1.60299800e+03
1.20999800e+03
6.51998000e+02
1.06899800e+03
8.19980000e+01
2.99998000e+02
9.98998000e+02
1.14499800e+03
5.52998000e+02
6.95998000e+02
2.23998000e+02
6.68998000e+02
8.11998000e+02
6.58998000e+02
5.98998000e+02
2.66998000e+02
4.82998000e+02
6.22998000e+02
4.29998000e+02
6.09980000e+01
5.85998000e+02
8.67998000e+02
1.87999800e+03
1.42199800e+03
-1.13002000e+02
-1.87002000e+02
2.86998000e+02
4.20998000e+02
8.24998000e+02
8.53998000e+02
6.74998000e+02
9.17998000e+02
8.54998000e+02
3.23998000e+02
7.39980000e+01
-5.27002000e+02
-4.10020000e+01
1.21199800e+03
9.57998000e+02
7.88998000e+02
9.24998000e+02
7.48998000e+02
1.77998000e+02
4.65998000e+02
1.33998000e+02
3.54998000e+02
-3.66002000e+02
-1.89002000e+02
1.71998000e+02
1.87998000e+02
-6.05002000e+02
4.95998000e+02
1.00199800e+03
1.24699800e+03
1.02099800e+03
-1.93002000e+02
3.73998000e+02
4.42998000e+02
7.00998000e+02
5.34998000e+02
1.11099800e+03
1.03199800e+03
7.31998000e+02
5.68998000e+02
3.23998000e+02
2.55998000e+02
4.95998000e+02
6.62998000e+02
5.83998000e+02
4.46998000e+02
-3.16002000e+02
-2.63002000e+02
3.00998000e+02
4.41998000e+02
5.59998000e+02
1.33998000e+02
-2.36002000e+02
-5.97002000e+02
-7.51002000e+02
2.55998000e+02
4.26998000e+02
1.14299800e+03
1.76499800e+03
1.25699800e+03
5.18998000e+02
3.91998000e+02
-1.90020000e+01
9.46998000e+02
1.01899800e+03
3.39998000e+02
7.89998000e+02
8.56998000e+02
8.25998000e+02
6.06998000e+02
2.52998000e+02
2.30998000e+02
1.06399800e+03
6.04998000e+02
6.91998000e+02
7.80998000e+02
1.16998000e+02
2.96998000e+02
4.99980000e+01
6.97998000e+02
1.03599800e+03
5.58998000e+02
6.61998000e+02
7.82998000e+02
1.57699800e+03
1.25899800e+03
4.49998000e+02
1.85599800e+03
7.58998000e+02
1.22699800e+03
1.39799800e+03
6.59998000e+02
5.33998000e+02
4.29998000e+02
1.27499800e+03
1.28199800e+03
2.58998000e+02
5.85998000e+02
1.22599800e+03
6.28998000e+02
1.06099800e+03
1.24899800e+03
1.91999800e+03
1.66699800e+03
1.70299800e+03
1.07399800e+03
1.53199800e+03
1.84299800e+03
1.23499800e+03
1.53999800e+03
1.64999800e+03
1.31499800e+03
1.87699800e+03
2.17499800e+03
1.47299800e+03
1.74399800e+03
1.74299800e+03
1.19099800e+03
9.94998000e+02
1.78999800e+03
2.43399800e+03
2.16899800e+03
2.18199800e+03
2.46599800e+03
2.53899800e+03
2.03299800e+03
1.94299800e+03
2.40599800e+03
2.13599800e+03
1.57599800e+03
2.30899800e+03
1.73499800e+03
2.02099800e+03
2.50799800e+03
2.64599800e+03
2.64299800e+03
2.98199800e+03
1.76699800e+03
1.75099800e+03
1.51299800e+03
1.20199800e+03
1.09799800e+03
1.27399800e+03
1.63199800e+03
1.62699800e+03
1.90699800e+03
1.75799800e+03
2.02999800e+03
1.53799800e+03
1.69599800e+03
2.09399800e+03
2.59499800e+03
3.13299800e+03
2.61099800e+03
2.37299800e+03
3.24599800e+03
3.34499800e+03
4.10799800e+03
4.10999800e+03
4.13199800e+03
4.33799800e+03
4.80599800e+03
5.06199800e+03
4.79299800e+03
5.44499800e+03
5.18199800e+03
5.20699800e+03
5.45999800e+03
5.79699800e+03
6.18299800e+03
6.49799800e+03
7.12599800e+03
7.28399800e+03
7.71999800e+03
8.16599800e+03
7.43999800e+03
8.07299800e+03
9.22899800e+03
9.59499800e+03
9.93599800e+03
1.00169980e+04
9.71099800e+03
1.07589980e+04
1.07729980e+04
1.00189980e+04
1.02459980e+04
1.07549980e+04
1.03379980e+04
1.08959980e+04
1.11539980e+04
1.07279980e+04
1.09339980e+04
1.14209980e+04
1.11099980e+04
1.12029980e+04
1.17059980e+04
1.28779980e+04
1.23769980e+04
1.36259980e+04
1.35659980e+04
1.47829980e+04
1.45699980e+04
1.53129980e+04
1.64609980e+04
1.72989980e+04
1.91349980e+04
2.07819980e+04
2.26809980e+04
2.54339980e+04
2.78859980e+04
3.07269980e+04
3.18819980e+04
3.39869980e+04
3.66499980e+04
3.84159980e+04
3.90489980e+04
3.93459980e+04
4.00829980e+04
4.00669980e+04
4.13689980e+04
4.17369980e+04
4.15179980e+04
4.17609980e+04
4.25499980e+04
4.35609980e+04
4.49219980e+04
4.59169980e+04
4.73649980e+04
4.89809980e+04
4.91599980e+04
4.83899980e+04
4.63539980e+04
4.24489980e+04
3.62509980e+04
3.05919980e+04
2.37189980e+04
1.93119980e+04
1.65529980e+04
1.67979980e+04
2.05429980e+04
2.67849980e+04
3.54289980e+04
4.57059980e+04
5.94549980e+04
7.20409980e+04
8.45099980e+04
9.51449980e+04
1.05975998e+05
1.14624998e+05
1.22457998e+05
1.31170998e+05
1.44667998e+05
1.66614998e+05
2.00316998e+05
2.49811998e+05
3.15315998e+05
3.93045998e+05
4.74384998e+05
5.47098998e+05
5.98679998e+05
6.16289998e+05
5.90301998e+05
5.17546998e+05
4.01020998e+05
2.54467998e+05
9.63989980e+04
-5.80820020e+04
-1.88768002e+05
-2.84065002e+05
-3.41948002e+05
-3.66429002e+05
-3.63048002e+05
-3.44089002e+05
-3.15534002e+05
-2.84766002e+05
-2.57758002e+05
-2.34882002e+05
-2.17843002e+05
-2.07366002e+05
-2.02354002e+05
-2.04752002e+05
-2.14157002e+05
-2.29437002e+05
-2.48908002e+05
-2.70052002e+05
-2.88773002e+05
-2.99974002e+05
-3.01552002e+05
-2.90664002e+05
-2.69008002e+05
-2.41006002e+05
-2.07408002e+05
-1.75119002e+05
-1.45333002e+05
-1.20205002e+05
-1.02433002e+05
-8.92460020e+04
-7.95920020e+04
-7.46750020e+04
-7.08580020e+04
-6.73310020e+04
-6.34620020e+04
-5.97690020e+04
-5.45610020e+04
-4.74790020e+04
-3.98110020e+04
-3.31890020e+04
-2.67090020e+04
-2.11840020e+04
-1.64770020e+04
-1.35620020e+04
-1.11150020e+04
-9.36800200e+03
-8.04400200e+03
-7.63200200e+03
-6.57400200e+03
-5.15900200e+03
-5.10300200e+03
-6.29000200e+03
-6.42900200e+03
-6.65800200e+03
-6.66100200e+03
-7.05400200e+03
-7.66200200e+03
-9.47400200e+03
-1.00960020e+04
-9.72700200e+03
-9.29500200e+03
-8.80800200e+03
-8.74700200e+03
-8.26100200e+03
-8.19600200e+03
-8.58900200e+03
-8.44000200e+03
-6.80900200e+03
-7.01500200e+03
-7.58300200e+03
-8.05000200e+03
-6.34300200e+03
-6.56400200e+03
-5.90000200e+03
-6.71900200e+03
-6.60100200e+03
-5.62700200e+03
-4.50100200e+03
-4.70000200e+03
-4.36000200e+03
-4.03600200e+03
-3.40100200e+03
-3.82200200e+03
-3.52900200e+03
-3.17100200e+03
-3.43100200e+03
-2.61100200e+03
-2.06100200e+03
-2.42400200e+03
-2.40600200e+03
-2.39600200e+03
-2.60800200e+03
-1.88300200e+03
-1.16500200e+03
-1.75300200e+03
-2.38000200e+03
-2.02100200e+03
-7.26002000e+02
-3.61002000e+02
-2.76500200e+03
-2.69900200e+03
-1.30900200e+03
-8.79002000e+02
-1.23300200e+03
-6.37002000e+02
-1.02000200e+03
-6.57002000e+02
-1.93600200e+03
-1.85200200e+03
-1.06700200e+03
-9.33002000e+02
-8.42002000e+02
-8.38002000e+02
-1.23600200e+03
-1.19600200e+03
-1.15700200e+03
-6.39002000e+02
-1.24800200e+03
-1.75500200e+03
-1.14100200e+03
-1.67100200e+03
-1.57900200e+03
-1.24200200e+03
-1.28400200e+03
-6.41002000e+02
-1.10000200e+03
-1.46900200e+03
-1.19800200e+03
-1.70500200e+03
-1.87400200e+03
-1.36900200e+03
-1.45700200e+03
-1.16500200e+03
-8.90002000e+02
-4.93002000e+02
-1.14500200e+03
-9.28002000e+02
-1.02500200e+03
-1.36300200e+03
-1.11300200e+03
-7.01002000e+02
-6.76002000e+02
-3.77002000e+02
2.87998000e+02
-6.00200000e+00
1.87998000e+02
4.19980000e+01
-7.31002000e+02
-8.65002000e+02
-4.45002000e+02
3.37998000e+02
2.83998000e+02
-1.42002000e+02
-8.10020000e+01
-3.10020000e+01
-4.18002000e+02
-2.27002000e+02
-6.40020000e+01
5.33998000e+02
2.59980000e+01
-1.30020000e+01
5.72998000e+02
5.91998000e+02
7.10998000e+02
-1.00002000e+02
-9.08002000e+02
1.28998000e+02
4.99998000e+02
1.28998000e+02
2.33998000e+02
-8.00020000e+01
1.97998000e+02
-6.22002000e+02
1.26998000e+02
5.28998000e+02
-5.20020000e+01
-8.66002000e+02
-6.50020000e+01
-2.95002000e+02
-2.21002000e+02
-4.59002000e+02
-2.98002000e+02
3.55998000e+02
-3.61002000e+02
-6.20002000e+02
1.29980000e+01
-2.67002000e+02
-6.12002000e+02
-2.71002000e+02
1.11998000e+02
2.99998000e+02
-1.25400200e+03
-8.33002000e+02
-4.23002000e+02
-1.35002000e+02
5.80998000e+02
1.07998000e+02
-4.46002000e+02
-2.29002000e+02
4.01998000e+02
6.04998000e+02
1.14899800e+03
-2.06002000e+02
-2.36002000e+02
-5.63002000e+02
-1.65002000e+02
2.89980000e+01
-2.16002000e+02
-7.21002000e+02
5.52998000e+02
9.26998000e+02
1.46998000e+02
3.39998000e+02
5.92998000e+02
5.27998000e+02
1.46998000e+02
-2.00200000e+00
-3.03002000e+02
9.79980000e+01
4.19980000e+01
-2.50020000e+01
-2.90002000e+02
-9.00020000e+01
8.09980000e+01
-1.14002000e+02
-2.61002000e+02
-7.58002000e+02
-1.90020000e+01
4.25998000e+02
7.18998000e+02
2.95998000e+02
7.30998000e+02
1.00998000e+02
-3.16002000e+02
4.33998000e+02
1.87998000e+02
1.55998000e+02
2.28998000e+02
7.89980000e+01
-2.50002000e+02
8.39980000e+01
-4.88002000e+02
-1.44700200e+03
-8.45002000e+02
7.15998000e+02
-3.87002000e+02
-4.36002000e+02
-7.30020000e+01
2.02998000e+02
-6.23002000e+02
-5.63002000e+02
-7.55002000e+02
-1.39200200e+03
-8.56002000e+02
-4.75002000e+02
8.99980000e+01
2.49980000e+01
-6.50020000e+01
-9.90020000e+01
2.59998000e+02
3.89980000e+01
-9.14002000e+02
-1.04600200e+03
-3.59002000e+02
4.99800000e+00
-3.09002000e+02
7.69980000e+01
-4.38002000e+02
-7.08002000e+02
-4.65002000e+02
6.90998000e+02
1.06998000e+02
1.63998000e+02
-4.34002000e+02
-4.39002000e+02
-5.94002000e+02
-1.26100200e+03
-7.47002000e+02
-5.24002000e+02
1.59998000e+02
-6.65002000e+02
-4.19002000e+02
-4.39002000e+02
-2.41002000e+02
-1.05100200e+03
-6.82002000e+02
5.89980000e+01
-4.16002000e+02
-1.26800200e+03
-8.71002000e+02
-6.14002000e+02
-7.43002000e+02
-7.80002000e+02
1.61998000e+02
-1.15002000e+02
-5.92002000e+02
-3.28002000e+02
-3.74002000e+02
-4.30002000e+02
-1.06002000e+02
-8.39002000e+02
-8.13002000e+02
-6.30002000e+02
-1.21800200e+03
-1.15400200e+03
-1.19200200e+03
-6.43002000e+02
-1.22200200e+03
-1.06200200e+03
-9.30020000e+01
1.11998000e+02
-5.18002000e+02
2.98998000e+02
-2.90020000e+01
-4.72002000e+02
4.82998000e+02
-1.15002000e+02
6.09980000e+01
-5.44002000e+02
-1.08100200e+03
-1.34100200e+03
-3.45002000e+02
-4.25002000e+02
-4.58002000e+02
-9.20020000e+01
-4.56002000e+02
-2.56002000e+02
-6.60002000e+02
-9.90020000e+01
2.46998000e+02
-8.64002000e+02
-8.75002000e+02
3.09998000e+02
3.12998000e+02
-5.96002000e+02
-1.38300200e+03
-1.30200200e+03
-7.41002000e+02
-2.07002000e+02
-7.02002000e+02
-1.65002000e+02
6.29998000e+02
6.70998000e+02
1.80998000e+02
-2.75002000e+02
-3.97002000e+02
-4.46002000e+02
-5.93002000e+02
-3.86002000e+02
-7.70020000e+01
-6.11002000e+02
-1.63500200e+03
-1.42700200e+03
-3.68002000e+02
6.59980000e+01
2.59980000e+01
6.31998000e+02
8.41998000e+02
4.93998000e+02
1.29998000e+02
-3.00002000e+02
-7.45002000e+02
-1.63002000e+02
-5.30002000e+02
-9.34002000e+02
-4.79002000e+02
-5.37002000e+02
-1.33900200e+03
-8.20002000e+02
-7.76002000e+02
-3.09002000e+02
2.96998000e+02
2.69980000e+01
-1.29002000e+02
-3.76002000e+02
-1.79002000e+02
-3.62002000e+02
-3.64002000e+02
-5.71002000e+02
-1.64002000e+02
1.09998000e+02
-5.40020000e+01
-4.85002000e+02
-6.03002000e+02
-1.34500200e+03
-8.39002000e+02
8.09980000e+01
-1.78002000e+02
-1.65002000e+02
-2.09002000e+02
-6.23002000e+02
-3.39002000e+02
7.49980000e+01
-2.90002000e+02
-1.00100200e+03
-8.21002000e+02
-1.10600200e+03
-9.10002000e+02
-8.03002000e+02
-7.53002000e+02
-9.03002000e+02
-3.60002000e+02
-4.25002000e+02
9.09980000e+01
-6.90020000e+01
-7.76002000e+02
-6.96002000e+02
-1.49002000e+02
-1.30020000e+01
-4.88002000e+02
-2.68002000e+02
-3.38002000e+02
-8.96002000e+02
-5.49002000e+02
-1.09500200e+03
-1.61500200e+03
-9.71002000e+02
-6.51002000e+02
-6.23002000e+02
-1.01600200e+03
-6.43002000e+02
6.19980000e+01
-3.85002000e+02
4.60998000e+02
2.27998000e+02
2.32998000e+02
-1.67002000e+02
1.92998000e+02
1.15998000e+02
-4.50002000e+02
-1.01900200e+03
-1.13002000e+02
-6.70020000e+01
-7.10002000e+02
-4.67002000e+02
-2.20020000e+01
-1.00200000e+00
5.59980000e+01
9.89980000e+01
1.19980000e+01
-5.59002000e+02
-8.57002000e+02
-2.16002000e+02
-8.62002000e+02
-7.05002000e+02
-7.47002000e+02
-1.13500200e+03
-8.04002000e+02
-1.01900200e+03
-9.30002000e+02
-9.08002000e+02
-2.77002000e+02
-6.78002000e+02
-1.21800200e+03
-8.18002000e+02
-1.50020000e+01
-3.45002000e+02
-9.70020000e+01
-4.03002000e+02
-3.55002000e+02
-4.56002000e+02
2.85998000e+02
-9.94002000e+02
-1.46800200e+03
-9.50002000e+02
-4.46002000e+02
-2.24002000e+02
-1.93002000e+02
-2.96002000e+02
1.77998000e+02
-4.59002000e+02
-6.08002000e+02
-9.95002000e+02
-6.91002000e+02
-1.03400200e+03
-1.24900200e+03
-2.77002000e+02
-9.67002000e+02
-9.52002000e+02
-8.10020000e+01
-5.81002000e+02
-5.71002000e+02
-4.43002000e+02
-6.39002000e+02
-8.76002000e+02
-6.47002000e+02
-4.48002000e+02
-4.63002000e+02
-1.34002000e+02
-7.63002000e+02
-9.17002000e+02
-4.72002000e+02
-6.40020000e+01
-4.70002000e+02
-6.67002000e+02
-8.36002000e+02
-7.37002000e+02
3.26998000e+02
-2.17002000e+02
-1.92002000e+02
-1.37002000e+02
-3.15002000e+02
2.58998000e+02
4.09998000e+02
8.73998000e+02
3.70998000e+02
8.69980000e+01
-8.12002000e+02
-7.42002000e+02
-6.13002000e+02
-1.79002000e+02
-4.92002000e+02
-9.29002000e+02
-4.91002000e+02
-4.64002000e+02
-5.31002000e+02
-1.18600200e+03
-1.49000200e+03
-7.40002000e+02
-5.13002000e+02
-1.31700200e+03
-5.81002000e+02
-4.63002000e+02
-6.80020000e+01
3.27998000e+02
-3.98002000e+02
-5.94002000e+02
-4.87002000e+02
-1.23002000e+02
3.24998000e+02
-2.29002000e+02
2.91998000e+02
-2.40020000e+01
8.29980000e+01
-6.79002000e+02
-7.60002000e+02
-8.41002000e+02
-7.11002000e+02
-6.01002000e+02
-6.83002000e+02
-8.77002000e+02
-2.27002000e+02
-5.51002000e+02
-3.63002000e+02
-2.48002000e+02
2.74998000e+02
6.06998000e+02
1.03998000e+02
-4.19002000e+02
1.79980000e+01
3.16998000e+02
6.99800000e+00
-2.76002000e+02
-8.75002000e+02
-1.68100200e+03
-7.50020000e+01
6.39998000e+02
3.35998000e+02
7.29980000e+01
-3.80002000e+02
-5.17002000e+02
5.99980000e+01
-2.60002000e+02
-4.55002000e+02
-1.20300200e+03
-1.48200200e+03
3.37998000e+02
5.20998000e+02
3.28998000e+02
-3.89002000e+02
-7.11002000e+02
-1.45500200e+03
-1.19000200e+03
-7.24002000e+02
4.08998000e+02
-4.20020000e+01
-5.34002000e+02
-5.17002000e+02
-1.38002000e+02
-5.58002000e+02
-1.20200200e+03
-3.43002000e+02
-2.22002000e+02
3.15998000e+02
3.87998000e+02
-4.00002000e+02
-4.94002000e+02
-2.70002000e+02
-7.01002000e+02
-7.99002000e+02
-2.00020000e+01
-1.11002000e+02
-5.50020000e+01
-5.78002000e+02
-8.64002000e+02
-1.08900200e+03
-7.83002000e+02
6.19980000e+01
-3.56002000e+02
-1.95002000e+02
4.89998000e+02
1.79980000e+01
-4.14002000e+02
-2.65002000e+02
-1.54002000e+02
1.87998000e+02
4.33998000e+02
5.07998000e+02
-2.37002000e+02
-1.06000200e+03
-9.85002000e+02
-1.15300200e+03
-5.04002000e+02
2.89998000e+02
-2.18002000e+02
-1.37002000e+02
6.13998000e+02
5.61998000e+02
-4.52002000e+02
-1.91300200e+03
-1.07200200e+03
-2.73002000e+02
1.00999800e+03
-2.00000000e-03
-3.02002000e+02
-1.16400200e+03
-7.08002000e+02
-2.90002000e+02
-4.96002000e+02
-1.27500200e+03
-8.66002000e+02
-9.04002000e+02
-5.06002000e+02
5.59980000e+01
-1.63002000e+02
-1.45002000e+02
-1.01900200e+03
-6.96002000e+02
4.99800000e+00
5.16998000e+02
4.72998000e+02
2.69998000e+02
-8.30020000e+01
-1.04002000e+02
2.49980000e+01
-2.18002000e+02
-1.14002000e+02
-5.69002000e+02
-9.79002000e+02
-3.00002000e+02
-9.45002000e+02
-8.75002000e+02
-6.53002000e+02
-7.00020000e+01
2.25998000e+02
-2.22002000e+02
-8.81002000e+02
-4.77002000e+02
-8.19002000e+02
2.46998000e+02
-5.58002000e+02
-1.00100200e+03
-3.00020000e+01
-5.60020000e+01
-5.68002000e+02
-5.06002000e+02
-7.97002000e+02
-2.00200000e+00
1.65998000e+02
-6.36002000e+02
-4.83002000e+02
-5.49002000e+02
-9.25002000e+02
-1.34900200e+03
-8.94002000e+02
-4.13002000e+02
2.59998000e+02
4.79980000e+01
6.69980000e+01
-1.55002000e+02
-8.46002000e+02
-1.16400200e+03
-1.34002000e+02
5.45998000e+02
5.19980000e+01
-7.76002000e+02
-4.40020000e+01
-6.81002000e+02
-7.91002000e+02
-8.43002000e+02
-3.93002000e+02
-5.46002000e+02
-1.25002000e+02
-8.31002000e+02
-9.23002000e+02
-1.31000200e+03
-9.13002000e+02
-7.46002000e+02
-1.38200200e+03
-1.29000200e+03
-1.44002000e+02
-3.69002000e+02
-7.89002000e+02
-8.63002000e+02
-3.03002000e+02
3.57998000e+02
-5.10002000e+02
-5.02002000e+02
-4.39002000e+02
-4.00002000e+02
-9.50020000e+01
-7.30002000e+02
-4.09002000e+02
-9.77002000e+02
-7.68002000e+02
-4.29002000e+02
-1.06600200e+03
-5.84002000e+02
-1.98002000e+02
-1.45002000e+02
1.41998000e+02
8.03998000e+02
2.53998000e+02
3.43998000e+02
-3.19002000e+02
-2.60002000e+02
5.49980000e+01
-1.11800200e+03
-1.11300200e+03
-8.38002000e+02
-5.73002000e+02
-4.00020000e+01
-6.85002000e+02
-6.22002000e+02
-1.09002000e+02
-2.85002000e+02
-6.52002000e+02
-8.22002000e+02
5.19980000e+01
-7.31002000e+02
-9.08002000e+02
-2.90002000e+02
2.29998000e+02
1.59998000e+02
-5.52002000e+02
-5.90020000e+01
2.07998000e+02
-4.80002000e+02
-1.21400200e+03
-7.94002000e+02
-5.98002000e+02
-7.27002000e+02
-2.22002000e+02
-3.96002000e+02
-2.03002000e+02
1.83998000e+02
-1.20900200e+03
-1.14400200e+03
-4.41002000e+02
-6.93002000e+02
-8.66002000e+02
-1.18002000e+02
-1.25200200e+03
-8.78002000e+02
-2.20002000e+02
-1.04400200e+03
-7.42002000e+02
1.31998000e+02
-5.67002000e+02
-6.38002000e+02
-1.28300200e+03
-5.10020000e+01
-3.30020000e+01
-1.26002000e+02
6.66998000e+02
-4.52002000e+02
-3.05002000e+02
-1.51900200e+03
-8.91002000e+02
1.45998000e+02
6.00998000e+02
1.79998000e+02
-1.30020000e+01
-1.28002000e+02
-1.86002000e+02
3.99800000e+00
-4.52002000e+02
-3.68002000e+02
-1.90020000e+01
-4.19002000e+02
-3.10002000e+02
2.69980000e+01
5.47998000e+02
6.70998000e+02
4.99980000e+01
-9.18002000e+02
-5.62002000e+02
1.88998000e+02
4.89980000e+01
-1.01002000e+02
3.48998000e+02
4.57998000e+02
7.39980000e+01
9.69980000e+01
-1.00400200e+03
-8.77002000e+02
-4.08002000e+02
-1.99002000e+02
-6.90020000e+01
-5.79002000e+02
-9.05002000e+02
-1.60002000e+02
-7.78002000e+02
-4.36002000e+02
-8.48002000e+02
-4.10002000e+02
-7.40002000e+02
-1.14300200e+03
-2.82002000e+02
-8.06002000e+02
-7.98002000e+02
-9.08002000e+02
-4.27002000e+02
-1.24002000e+02
-5.36002000e+02
-1.59002000e+02
-4.49002000e+02
-7.29002000e+02
-6.93002000e+02
2.77998000e+02
-2.32002000e+02
-6.10002000e+02
-3.00002000e+02
1.30998000e+02
6.59980000e+01
-1.36200200e+03
-5.99002000e+02
-1.23600200e+03
-1.47000200e+03
-9.17002000e+02
-7.02002000e+02
-4.51002000e+02
-1.67400200e+03
-1.03300200e+03
-2.80020000e+01
6.71998000e+02
5.64998000e+02
1.53998000e+02
-6.80020000e+01
-8.07002000e+02
-8.28002000e+02
-6.87002000e+02
-8.78002000e+02
-6.00002000e+02
-2.89002000e+02
-5.39002000e+02
-3.64002000e+02
-8.19002000e+02
-1.10400200e+03
-7.93002000e+02
-4.27002000e+02
-4.75002000e+02
-1.65500200e+03
-1.50200200e+03
-1.12700200e+03
-2.12002000e+02
6.59980000e+01
-3.30002000e+02
-1.22002000e+02
4.19980000e+01
5.99800000e+00
-1.80002000e+02
6.79980000e+01
-3.11002000e+02
-1.80002000e+02
-1.28000200e+03
-9.87002000e+02
-6.10002000e+02
-3.94002000e+02
-4.54002000e+02
-9.20002000e+02
-3.66002000e+02
-2.35002000e+02
-9.75002000e+02
-1.09300200e+03
-1.09800200e+03
-8.68002000e+02
-1.02900200e+03
-7.13002000e+02
-8.50002000e+02
-1.20300200e+03
-4.73002000e+02
-1.60002000e+02
-6.35002000e+02
-8.38002000e+02
-5.98002000e+02
-1.02002000e+02
-9.07002000e+02
-1.34000200e+03
-9.88002000e+02
-5.01002000e+02
6.89980000e+01
-1.97002000e+02
2.85998000e+02
1.07998000e+02
-7.85002000e+02
-5.11002000e+02
-9.45002000e+02
-1.90300200e+03
-1.23600200e+03
-4.96002000e+02
-1.13002000e+02
-1.11600200e+03
-9.45002000e+02
-6.82002000e+02
-7.60020000e+01
-1.34002000e+02
-1.41800200e+03
-7.06002000e+02
8.09980000e+01
2.27998000e+02
-2.43002000e+02
-6.77002000e+02
-8.24002000e+02
-7.61002000e+02
-4.64002000e+02
-8.72002000e+02
-9.70020000e+01
-2.85002000e+02
3.72998000e+02
-2.69002000e+02
-7.33002000e+02
-2.30002000e+02
5.09980000e+01
1.82998000e+02
2.19998000e+02
4.13998000e+02
8.57998000e+02
-2.18002000e+02
-4.41002000e+02
2.91998000e+02
-7.95002000e+02
-1.06002000e+02
-3.17002000e+02
5.99800000e+00
-3.99002000e+02
-5.70002000e+02
1.88998000e+02
-1.80002000e+02
-1.39002000e+02
-3.20020000e+01
-1.15200200e+03
-9.55002000e+02
-1.28000200e+03
-6.36002000e+02
-4.70020000e+01
-6.28002000e+02
1.69998000e+02
3.70998000e+02
1.97998000e+02
-3.22002000e+02
-4.05002000e+02
-4.00002000e+02
-9.01002000e+02
-7.51002000e+02
-3.21002000e+02
-3.76002000e+02
-1.59002000e+02
-4.32002000e+02
-3.92002000e+02
-3.42002000e+02
-3.26002000e+02
-6.71002000e+02
-1.04000200e+03
-1.04300200e+03
-2.00020000e+01
3.89998000e+02
3.98998000e+02
9.89980000e+01
-1.99002000e+02
-3.61002000e+02
1.63998000e+02
2.46998000e+02
-7.11002000e+02
-7.64002000e+02
-3.48002000e+02
-7.02002000e+02
-8.45002000e+02
-4.17002000e+02
-1.07100200e+03
-1.18100200e+03
-4.30020000e+01
-7.25002000e+02
-4.29002000e+02
-4.92002000e+02
-3.06002000e+02
5.39998000e+02
3.41998000e+02
1.09998000e+02
-4.15002000e+02
-4.03002000e+02
-6.70002000e+02
-4.01002000e+02
-8.25002000e+02
-8.49002000e+02
3.39980000e+01
-4.19002000e+02
-3.10002000e+02
6.81998000e+02
-8.61002000e+02
-1.64002000e+02
-5.19002000e+02
-7.16002000e+02
-5.71002000e+02
-5.58002000e+02
-7.10002000e+02
-2.10020000e+01
4.35998000e+02
1.92998000e+02
-3.89002000e+02
-2.94002000e+02
-6.52002000e+02
-7.19002000e+02
-1.23300200e+03
-4.30002000e+02
-1.90002000e+02
-3.66002000e+02
6.01998000e+02
2.89998000e+02
-7.40020000e+01
-8.58002000e+02
-3.90020000e+01
-1.23600200e+03
-1.31100200e+03
-1.16000200e+03
-1.19000200e+03
-7.19002000e+02
-6.94002000e+02
-5.67002000e+02
-6.05002000e+02
-1.81002000e+02
2.37998000e+02
-2.90020000e+01
-1.86002000e+02
1.80998000e+02
-1.38002000e+02
4.01998000e+02
1.84998000e+02
-2.23002000e+02
-1.16002000e+02
-7.40020000e+01
-7.80020000e+01
-2.12002000e+02
5.12998000e+02
7.89980000e+01
-1.23002000e+02
-8.98002000e+02
-8.65002000e+02
4.88998000e+02
7.53998000e+02
-2.48002000e+02
1.09980000e+01
-4.39002000e+02
-1.01400200e+03
-9.53002000e+02
-8.06002000e+02
